[gd_scene load_steps=15 format=3 uid="uid://c34jh3v61xojh"]

[ext_resource type="Script" path="res://Zookeeper/zookeeper.gd" id="1_nf5op"]
[ext_resource type="Script" path="res://StateMachines/Zookeeper/Zookeeper_State_Machine.gd" id="2_sgkx4"]
[ext_resource type="Script" path="res://StateMachines/Zookeeper/States/Zookeeper_Idle.gd" id="3_5yo00"]
[ext_resource type="Script" path="res://StateMachines/Zookeeper/States/Zookeeper_Follow_Player.gd" id="4_13t8d"]
[ext_resource type="Script" path="res://StateMachines/Zookeeper/States/Zookeeper_Attack.gd" id="5_qsxm6"]
[ext_resource type="PackedScene" uid="uid://doos1hqfu3wdh" path="res://Zookeeper/Zookeeper_Model.tscn" id="6_0t135"]
[ext_resource type="Script" path="res://StateMachines/Zookeeper/States/Zookeeper_Death.gd" id="6_f5tih"]
[ext_resource type="Script" path="res://StateMachines/Zookeeper/States/Zookeeper_Charge_Dash.gd" id="7_1du7w"]
[ext_resource type="Script" path="res://StateMachines/Zookeeper/States/Zookeeper_Dash.gd" id="8_mgsos"]
[ext_resource type="PackedScene" uid="uid://b1xe15ymx2g4h" path="res://Models/Entities/Accessories/Cap.glb" id="10_l25wj"]
[ext_resource type="Script" path="res://Zookeeper/RandomShirt.gd" id="11_lpuis"]
[ext_resource type="Material" uid="uid://ctfstbbxrt5mh" path="res://Models/Entities/Zookeeper/ShirtMaterial.tres" id="12_wqs78"]

[sub_resource type="CapsuleShape3D" id="CapsuleShape3D_xat7b"]

[sub_resource type="SphereShape3D" id="SphereShape3D_4upli"]
radius = 4.0

[node name="Zookeeper" type="CharacterBody3D" groups=["enemy"]]
axis_lock_angular_x = true
axis_lock_angular_z = true
script = ExtResource("1_nf5op")

[node name="World_Collision" type="CollisionShape3D" parent="."]
transform = Transform3D(1, 0, 0, 0, 1, 0, 0, 0, 1, 0, 1, 0)
shape = SubResource("CapsuleShape3D_xat7b")

[node name="ZookeeperStateMachine" type="Node" parent="."]
script = ExtResource("2_sgkx4")
initial_state = NodePath("Follow_Player")

[node name="Idle" type="Node" parent="ZookeeperStateMachine"]
script = ExtResource("3_5yo00")

[node name="Follow_Player" type="Node" parent="ZookeeperStateMachine" node_paths=PackedStringArray("zookeeper")]
script = ExtResource("4_13t8d")
zookeeper = NodePath("../..")

[node name="Attack" type="Node" parent="ZookeeperStateMachine"]
script = ExtResource("5_qsxm6")

[node name="Death" type="Node" parent="ZookeeperStateMachine" node_paths=PackedStringArray("bone")]
script = ExtResource("6_f5tih")
bone = NodePath("../../Zookeeper_Model/Armature_001/Skeleton3D/Physical Bone mixamorig_Spine2")

[node name="Charge_Dash" type="Node" parent="ZookeeperStateMachine"]
script = ExtResource("7_1du7w")

[node name="Dash" type="Node" parent="ZookeeperStateMachine"]
script = ExtResource("8_mgsos")

[node name="Navigation_Agent" type="NavigationAgent3D" parent="."]
target_desired_distance = 1.5
avoidance_enabled = true

[node name="Zookeeper_Model" parent="." instance=ExtResource("6_0t135")]

[node name="Skeleton3D" parent="Zookeeper_Model/Armature_001" index="0"]
bones/0/position = Vector3(0.633481, 1.30675, -85.11)
bones/0/rotation = Quaternion(-0.494822, -0.0024653, -0.0322982, 0.868391)
bones/1/rotation = Quaternion(-0.0131156, 0.0267094, 0.0224734, 0.999305)
bones/2/rotation = Quaternion(0.108286, 0.0679913, 0.0127923, 0.99171)
bones/3/rotation = Quaternion(0.120935, 0.0691755, 0.00697392, 0.990223)
bones/4/rotation = Quaternion(-0.208987, -0.0117076, 0.00393221, 0.977841)
bones/5/rotation = Quaternion(-0.168848, -0.0151391, -0.0140966, 0.985425)
bones/6/rotation = Quaternion(-0.514312, 0.537518, -0.585205, -0.322636)
bones/6/scale = Vector3(1, 1, 1)
bones/7/position = Vector3(-3.57628e-07, 10.8382, -6.66343e-07)
bones/7/rotation = Quaternion(0.372961, 0.257957, -0.370034, 0.810822)
bones/7/scale = Vector3(1, 1, 1)
bones/8/position = Vector3(-9.63688e-06, 27.8415, -1.58086e-05)
bones/8/rotation = Quaternion(-3.25963e-08, -1.39054e-07, 1.00372e-10, 1)
bones/9/rotation = Quaternion(-0.148425, 0.372912, -0.416456, 0.815764)
bones/10/rotation = Quaternion(0.27022, 0.0922375, -0.372307, 0.883097)
bones/10/scale = Vector3(1, 1, 1)
bones/11/position = Vector3(2.21178e-06, 4.18899, -3.41797e-06)
bones/11/rotation = Quaternion(-0.010728, -0.125338, 0.262885, 0.956591)
bones/12/position = Vector3(1.11383e-05, 3.41625, 6.69586e-06)
bones/12/rotation = Quaternion(-0.0235574, -0.0640156, 0.086391, 0.993923)
bones/12/scale = Vector3(1, 1, 1)
bones/13/position = Vector3(8.34465e-07, 2.57497, 2.44224e-07)
bones/13/rotation = Quaternion(0.00577487, -0.11751, -0.048744, 0.991858)
bones/14/position = Vector3(2.25983, 9.10829, 0.517868)
bones/14/rotation = Quaternion(-0.175081, 2.87004e-05, -0.0214994, 0.984319)
bones/14/scale = Vector3(1, 1, 1)
bones/15/position = Vector3(2.91133e-07, 3.69999, 5.62467e-07)
bones/15/rotation = Quaternion(0.223792, 5.75932e-05, 0.0275241, 0.974248)
bones/16/position = Vector3(-6.47087e-08, 2.85001, 2.05763e-07)
bones/16/rotation = Quaternion(0.112634, -1.02412e-05, 0.0136386, 0.993543)
bones/17/rotation = Quaternion(-2.83947e-06, 0.00100277, 8.71191e-05, 0.999999)
bones/17/scale = Vector3(1, 1, 1)
bones/18/position = Vector3(-2.48329e-05, 9.53251, 4.63095e-05)
bones/18/rotation = Quaternion(-0.175081, 8.78825e-05, -0.0218316, 0.984312)
bones/19/position = Vector3(-5.02199e-07, 3.70001, -3.32152e-06)
bones/19/rotation = Quaternion(0.223794, 0.000190382, 0.0281029, 0.974231)
bones/20/rotation = Quaternion(0.112628, -3.64923e-05, 0.0134063, 0.993547)
bones/21/position = Vector3(-4.01207e-07, 2.94664, 1.32651e-06)
bones/21/rotation = Quaternion(-2.74392e-06, 0.00092906, 0.000166596, 1)
bones/22/position = Vector3(-1.86514, 9.10359, 0.0430797)
bones/22/rotation = Quaternion(-0.175081, -2.71823e-05, -0.0211843, 0.984326)
bones/23/rotation = Quaternion(0.223794, -4.93634e-05, 0.0270592, 0.974261)
bones/23/scale = Vector3(1, 1, 1)
bones/24/rotation = Quaternion(0.112628, -1.28222e-05, 0.0136141, 0.993544)
bones/25/position = Vector3(-9.08724e-06, 2.63881, 2.1622e-06)
bones/25/rotation = Quaternion(1.16762e-07, 0.000145964, -0.000799426, 1)
bones/25/scale = Vector3(1, 1, 1)
bones/26/position = Vector3(-3.80628, 8.07668, 0.48671)
bones/26/rotation = Quaternion(-0.175077, -9.09504e-05, -0.0208255, 0.984335)
bones/27/position = Vector3(-3.01202e-08, 3.6, -2.13743e-06)
bones/27/rotation = Quaternion(0.223796, 0.000189517, 0.0280994, 0.974231)
bones/28/position = Vector3(2.71188e-06, 2.09998, 8.61805e-07)
bones/28/rotation = Quaternion(0.112629, -5.62281e-05, 0.0132324, 0.993549)
bones/29/position = Vector3(-1.17017e-06, 2.11577, -4.388e-06)
bones/29/rotation = Quaternion(-3.54157e-06, 0.00156974, -4.10232e-05, 0.999999)
bones/29/scale = Vector3(1, 1, 1)
bones/30/rotation = Quaternion(0.495378, 0.565765, -0.514801, 0.411692)
bones/30/scale = Vector3(1, 1, 1)
bones/31/position = Vector3(-4.76837e-07, 10.8377, -2.02153e-06)
bones/31/rotation = Quaternion(0.541605, -0.262709, 0.375948, 0.704494)
bones/32/position = Vector3(2.53428e-06, 27.8415, -5.99141e-06)
bones/32/rotation = Quaternion(7.17532e-07, -1.25604e-08, 0.0785699, 0.996909)
bones/33/position = Vector3(6.12936e-06, 28.3288, 6.23057e-06)
bones/33/rotation = Quaternion(-0.210669, -0.0358922, 0.174925, 0.96111)
bones/34/position = Vector3(-2.68173, 2.46615, 1.57617)
bones/34/rotation = Quaternion(0.253096, -0.0613235, 0.227353, 0.938346)
bones/35/position = Vector3(2.18262e-06, 4.18709, 3.78163e-06)
bones/35/rotation = Quaternion(-0.0596506, -0.0504204, -0.231334, 0.969734)
bones/35/scale = Vector3(1, 1, 1)
bones/36/position = Vector3(-8.22544e-06, 3.41839, 3.48625e-06)
bones/36/rotation = Quaternion(-0.0476397, -0.0242994, -0.090716, 0.99444)
bones/37/position = Vector3(-2.89934e-06, 2.58057, -6.35618e-06)
bones/37/rotation = Quaternion(0.00515177, 0.122683, 0.0416517, 0.991558)
bones/38/position = Vector3(-2.25986, 9.1093, 0.518007)
bones/38/rotation = Quaternion(-0.144605, 6.58364e-06, 0.0174076, 0.989336)
bones/39/position = Vector3(-8.15423e-07, 3.69999, -6.53405e-06)
bones/39/rotation = Quaternion(0.0802934, 8.31919e-06, -0.009585, 0.996725)
bones/40/position = Vector3(5.34441e-06, 2.85, 6.00799e-06)
bones/40/rotation = Quaternion(0.0401794, -2.78322e-06, -0.00491511, 0.99918)
bones/41/rotation = Quaternion(-2.75439e-06, -0.00037744, -1.3016e-05, 1)
bones/42/position = Vector3(-3.53718e-05, 9.5334, -4.41013e-05)
bones/42/rotation = Quaternion(-0.144745, 4.85447e-06, 0.0174365, 0.989315)
bones/43/position = Vector3(2.93684e-07, 3.70001, -7.33839e-07)
bones/43/rotation = Quaternion(0.0804344, 1.66144e-06, -0.0096854, 0.996713)
bones/44/rotation = Quaternion(0.0401768, 5.5454e-07, -0.00482831, 0.999181)
bones/45/position = Vector3(-3.41319e-07, 2.95288, -2.20348e-06)
bones/45/rotation = Quaternion(2.86989e-08, -0.001024, 2.80173e-05, 0.999999)
bones/46/position = Vector3(1.86508, 9.10453, 0.0430062)
bones/46/rotation = Quaternion(-0.144607, -5.82468e-07, 0.0174575, 0.989335)
bones/47/position = Vector3(1.21889e-06, 3.15002, 2.89108e-07)
bones/47/rotation = Quaternion(0.0802954, -1.94702e-07, -0.00968985, 0.996724)
bones/48/position = Vector3(-1.23848e-07, 2.95, -5.32404e-06)
bones/48/rotation = Quaternion(0.0401768, -4.23444e-07, -0.00484922, 0.999181)
bones/49/position = Vector3(-2.02936e-05, 2.64432, 1.28188e-05)
bones/49/rotation = Quaternion(-8.0881e-09, 0.000493664, 1.64096e-05, 1)
bones/50/position = Vector3(3.80626, 8.07778, 0.48686)
bones/50/rotation = Quaternion(-0.148913, -0.00549717, -0.015534, 0.988713)
bones/51/position = Vector3(-4.02831e-06, 3.59999, -6.22371e-06)
bones/51/rotation = Quaternion(0.0846764, 0.00286538, 0.0253636, 0.996082)
bones/52/position = Vector3(7.80486e-07, 2.10002, 2.46594e-06)
bones/52/rotation = Quaternion(0.0401867, -2.24429e-06, -0.00491556, 0.99918)
bones/53/position = Vector3(4.91221e-07, 2.12551, 2.78761e-06)
bones/53/rotation = Quaternion(-3.82118e-06, -0.00078401, -0.000295904, 1)
bones/53/scale = Vector3(1, 1, 1)
bones/54/rotation = Quaternion(-0.0256565, 0.573323, 0.81464, 0.0836958)
bones/54/scale = Vector3(1, 1, 1)
bones/55/rotation = Quaternion(-0.706865, 0.0691293, -0.0534473, 0.70193)
bones/56/rotation = Quaternion(0.670421, 0.0614591, 0.0696524, 0.736143)
bones/56/scale = Vector3(1, 1, 1)
bones/57/rotation = Quaternion(0.335241, -4.24704e-08, -5.41296e-08, 0.942132)
bones/58/rotation = Quaternion(4.36299e-08, 0.0116081, 5.06525e-10, 0.999933)
bones/59/rotation = Quaternion(0.0327192, 0.559054, 0.816269, -0.14175)
bones/59/scale = Vector3(1, 1, 1)
bones/60/rotation = Quaternion(-0.702987, 0.00853442, 0.0204484, 0.710857)
bones/61/rotation = Quaternion(0.729366, -0.0104698, -0.0218062, 0.683696)
bones/61/scale = Vector3(1, 1, 1)
bones/62/rotation = Quaternion(0.335241, 3.02061e-08, -1.49857e-07, 0.942132)
bones/63/rotation = Quaternion(1.21626e-08, -0.0118692, -1.44365e-10, 0.99993)

[node name="Zookeeper" parent="Zookeeper_Model/Armature_001/Skeleton3D" index="0"]
"blend_shapes/Key 1" = 1.0

[node name="Physical Bone mixamorig_Hips" parent="Zookeeper_Model/Armature_001/Skeleton3D" index="1"]
transform = Transform3D(0.997905, 0.0276811, -0.0585348, -0.0536514, 0.859553, -0.508217, 0.0362443, 0.510289, 0.859243, 0.932834, 3.8894, -89.4802)
joint_offset = Transform3D(1, 0, 0, 0, 1, 0, 0, 0, 1, -0.00175041, 0.00188255, 5.08515)
body_offset = Transform3D(1, -8.45641e-07, 1.30385e-07, 3.02866e-06, -2.68221e-07, -1.00001, 2.74181e-06, 0.999996, 1.87755e-06, 0.00174975, 5.08517, -0.00189209)

[node name="Physical Bone mixamorig_Spine2" parent="Zookeeper_Model/Armature_001/Skeleton3D" index="2"]
transform = Transform3D(0.938905, 0.336391, -0.0727779, -0.248151, 0.515134, -0.820398, -0.238483, 0.788351, 0.567135, 2.14294, 24.4892, -114.319)
joint_offset = Transform3D(1, 0, 0, 0, 1, 0, 0, 0, 1, 9.29109e-05, 0.000481338, 8.42815)
body_offset = Transform3D(0.999998, 1.04308e-07, -3.8743e-07, 5.06639e-07, -3.03984e-06, -0.999996, -5.51343e-07, 1.00001, 1.72853e-06, -8.96454e-05, 8.42812, -0.000495911)

[node name="Physical Bone mixamorig_Shoulder_R" parent="Zookeeper_Model/Armature_001/Skeleton3D" index="3"]
transform = Transform3D(0.0596834, 0.133617, 0.989224, 0.410158, -0.906779, 0.0977475, 0.910053, 0.399861, -0.108927, -7.57786, 26.9447, -114.842)
joint_offset = Transform3D(1, 0, 0, 0, 1, 0, 0, 0, 1, 4.6608e-06, -0.00450899, 5.41937)
body_offset = Transform3D(0.999994, -5.34952e-05, 1.91107e-06, -8.45641e-07, 1.12131e-05, -0.999992, 0, 0.999996, -2.81632e-06, -1.52588e-05, 5.41932, 0.00452423)

[node name="Physical Bone mixamorig_Arm_R" parent="Zookeeper_Model/Armature_001/Skeleton3D" index="4"]
transform = Transform3D(0.345866, -0.340519, 0.87431, 0.912686, -0.0940541, -0.397682, 0.217649, 0.93553, 0.278255, -17.7024, 25.1007, -101.155)
joint_offset = Transform3D(1, 0, 0, 0, 1, 0, 0, 0, 1, 2.39595e-05, -14, -0.00443262)
body_offset = Transform3D(0.999995, 8.9407e-07, -3.57628e-07, 6.70552e-07, 1.00001, -8.41916e-07, -2.26498e-06, 1.09524e-06, 0.999997, -1.14441e-05, 14.0001, 0.00444794)

[node name="Physical Bone mixamorig_ForeArm_R" parent="Zookeeper_Model/Armature_001/Skeleton3D" index="5"]
transform = Transform3D(0.345874, -0.340518, 0.874311, 0.912681, -0.0940551, -0.397681, 0.217652, 0.935521, 0.278253, -22.4155, 23.7988, -88.2066)
joint_offset = Transform3D(1, 0, 0, 0, 1, 0, 0, 0, 1, 3.62458e-05, 0.000190719, -0.00449373)
body_offset = Transform3D(0.999994, -1.56462e-06, 1.2517e-06, 9.23872e-07, 0.999999, -3.56883e-06, 6.94394e-06, 2.6077e-08, 0.999997, -3.62396e-05, -0.000190735, 0.00449371)

[node name="Physical Bone mixamorig_Hand_R" parent="Zookeeper_Model/Armature_001/Skeleton3D" index="6"]
transform = Transform3D(0.76226, -0.646929, -0.0209542, 0.0408546, 0.080391, -0.995924, 0.645978, 0.758295, 0.087707, -32.0202, 23.1141, -61.8779)
joint_offset = Transform3D(1, 0, 0, 0, 1, 0, 0, 0, 1, -0.00423431, 0.0014123, 1.98594)
body_offset = Transform3D(-0.506162, -0.535718, -0.675868, 2.5481e-06, 0.78367, -0.621171, 0.862436, -0.314416, -0.396669, 1.34084, 1.2325, 0.791855)

[node name="Physical Bone mixamorig_Shoulder_L" parent="Zookeeper_Model/Armature_001/Skeleton3D" index="7"]
transform = Transform3D(-0.478149, -0.157527, -0.864015, -0.348319, -0.86887, 0.351336, -0.806253, 0.469313, 0.360613, 11.0463, 23.3031, -119.566)
joint_offset = Transform3D(1, 0, 0, 0, 1, 0, 0, 0, 1, 0.00061017, -0.00398865, 5.41903)
body_offset = Transform3D(0.999998, -0.00037995, -2.45869e-07, -5.47618e-06, -8.05855e-05, -1, -3.89516e-05, 1, 1.13249e-06, -0.000610352, 5.41903, 0.00398254)

[node name="Physical Bone mixamorig_Arm_L" parent="Zookeeper_Model/Armature_001/Skeleton3D" index="8"]
transform = Transform3D(-0.187263, -0.891132, -0.413076, -0.96107, 0.0853655, 0.253758, -0.190391, 0.44563, -0.874628, 21.1357, 17.9022, -109.172)
joint_offset = Transform3D(1, 0, 0, 0, 1, 0, 0, 0, 1, -6.6313e-06, -0.386435, 13.924)
body_offset = Transform3D(0.997483, -1.13919e-05, -2.44379e-06, 1.95205e-06, -5.47431e-06, -1, 1.08033e-06, 0.999996, 1.45286e-06, 3.62396e-05, 13.924, 0.386414)

[node name="Physical Bone mixamorig_ForeArm_L" parent="Zookeeper_Model/Armature_001/Skeleton3D" index="9"]
transform = Transform3D(-0.120704, -0.891129, -0.437374, -0.99134, 0.085353, 0.0996869, -0.0515016, 0.445624, -0.893719, 33.4201, 12.9258, -84.5105)
joint_offset = Transform3D(1, 0, 0, 0, 1, 0, 0, 0, 1, -0.000207561, -0.00459991, 14.1644)
body_offset = Transform3D(0.999988, 3.12924e-07, -1.43796e-06, 1.46776e-06, -5.20889e-06, -0.999984, -2.02656e-06, 0.999989, -2.73995e-06, 0.000227928, 14.1641, 0.00463867)

[node name="Physical Bone mixamorig_Hand_L" parent="Zookeeper_Model/Armature_001/Skeleton3D" index="10"]
transform = Transform3D(0.511069, 0.83195, -0.210674, 0.33356, -0.417344, -0.843028, -0.789581, 0.364503, -0.490402, 40.0324, 13.1923, -70.8741)
joint_offset = Transform3D(1, 0, 0, 0, 1, 0, 0, 0, 1, 0.00541598, 0.00476104, 1.99107)
body_offset = Transform3D(-0.506694, 0.535588, 0.673529, 1.63913e-07, 0.783599, -0.621202, -0.85974, -0.313525, -0.395022, -1.34085, 1.23312, 0.792664)

[node name="Physical Bone mixamorig_UpLeg_R" parent="Zookeeper_Model/Armature_001/Skeleton3D" index="11"]
transform = Transform3D(-0.980137, 0.118574, 0.158764, -0.0112715, 0.766538, -0.642157, -0.197879, -0.631161, -0.749944, -11.5187, 11.252, -63.7165)
joint_offset = Transform3D(1, 0, 0, 0, 1, 0, 0, 0, 1, 0.000115527, 0.00428413, 22.1901)
body_offset = Transform3D(0.999976, 6.08992e-05, 4.49503e-06, -2.13934e-05, -0.00127837, -0.999993, -2.59904e-05, 1, -0.00135535, -0.00021553, 22.1899, 0.0257912)

[node name="Physical Bone mixamorig_Leg_R" parent="Zookeeper_Model/Armature_001/Skeleton3D" index="12"]
transform = Transform3D(-0.940268, -0.326775, 0.0948596, -0.138316, 0.621567, 0.767228, -0.311027, 0.711392, -0.625073, -17.0974, 8.33852, -32.9551)
joint_offset = Transform3D(1, 0, 0, 0, 1, 0, 0, 0, 1, 0.108005, -0.0835918, 22.3945)
body_offset = Transform3D(0.999987, 2.1413e-05, -0.000897862, 8.9407e-07, 0.00117606, -0.994156, -2.6077e-07, 0.999602, 0.00238407, -0.0878944, 22.2637, 0.0301685)

[node name="Physical Bone mixamorig_Foot_R" parent="Zookeeper_Model/Armature_001/Skeleton3D" index="13"]
transform = Transform3D(-0.94263, -0.110158, 0.315109, -0.276552, 0.786346, -0.552402, -0.186932, -0.607863, -0.771699, -21.3876, -4.9977, -13.6137)
joint_offset = Transform3D(1, 0, 0, 0, 1, 0, 0, 0, 1, 0.0875053, -0.000310735, 6.90851)
body_offset = Transform3D(0.999988, 2.68221e-06, -1.77324e-06, 6.16908e-06, 3.63588e-06, -0.99998, -1.65403e-06, 0.999987, 8.9407e-07, -0.087492, 6.90838, 0.000304699)

[node name="Physical Bone mixamorig_UpLeg_L" parent="Zookeeper_Model/Armature_001/Skeleton3D" index="14"]
transform = Transform3D(-0.961196, -0.0409077, -0.272796, 0.134514, 0.793445, -0.593062, 0.240824, -0.606455, -0.757534, 14.4392, 9.28462, -62.9552)
joint_offset = Transform3D(1, 0, 0, 0, 1, 0, 0, 0, 1, -7.8472e-05, 0.000770763, 22.1903)
body_offset = Transform3D(0.999994, -5.96046e-08, 8.71718e-07, -1.73599e-06, -0.0013079, -0.999998, 1.78814e-07, 0.999507, -0.00130031, 5.91278e-05, 22.1903, 0.0280838)

[node name="Physical Bone mixamorig_Leg_L" parent="Zookeeper_Model/Armature_001/Skeleton3D" index="15"]
transform = Transform3D(-0.953935, 0.288246, -0.0825812, 0.112004, 0.597368, 0.793807, 0.278302, 0.747669, -0.602526, 22.3478, 4.75487, -32.6595)
joint_offset = Transform3D(1, 0, 0, 0, 1, 0, 0, 0, 1, 0.000108954, -0.0577573, 22.2646)
body_offset = Transform3D(0.999994, 1.71512e-05, 2.5183e-06, 5.36442e-07, 0.00139669, -0.999992, 6.70552e-07, 0.999471, 0.00129837, -0.000164032, 22.2645, 0.0288191)

[node name="Physical Bone mixamorig_Foot_L" parent="Zookeeper_Model/Armature_001/Skeleton3D" index="16"]
transform = Transform3D(-0.961536, -0.0548616, -0.266266, 0.137268, 0.738276, -0.642752, 0.236745, -0.654431, -0.70312, 26.0407, -8.42428, -14.3371)
joint_offset = Transform3D(1, 0, 0, 0, 1, 0, 0, 0, 1, -0.00497511, -0.00567173, 6.98382)
body_offset = Transform3D(0.999721, -0.00153968, 0.000757903, -0.000582553, 0.000634283, -0.989143, 0.000707969, 0.988099, 0.000862092, -0.000328064, 6.908, -0.000412941)

[node name="BoneAttachment3D" type="BoneAttachment3D" parent="Zookeeper_Model/Armature_001/Skeleton3D" index="17"]
transform = Transform3D(0.958397, -0.142577, 0.24728, -0.210756, 0.230784, 0.949905, -0.192503, -0.962502, 0.191134, 2.9595, 38.7499, -125.542)
bone_name = "mixamorig_Head"
bone_idx = 5

[node name="Offset" type="Node3D" parent="Zookeeper_Model/Armature_001/Skeleton3D/BoneAttachment3D"]
transform = Transform3D(100, 0, 0, 0, 100, 0, 0, 0, 100, 0, 0, 0)

[node name="Cap2" parent="Zookeeper_Model/Armature_001/Skeleton3D/BoneAttachment3D/Offset" instance=ExtResource("10_l25wj")]
transform = Transform3D(1, 1.86265e-09, -1.40863e-08, -9.31323e-09, 1, -3.72529e-08, 1.28057e-09, 7.45058e-09, 1, 0.005781, 0.144121, 0.0707836)

[node name="AnimationPlayer" parent="Zookeeper_Model" index="1"]
playback_default_blend_time = 0.25

[node name="RandomShirt" type="Node" parent="Zookeeper_Model" node_paths=PackedStringArray("MeshNode")]
script = ExtResource("11_lpuis")
MeshNode = NodePath("../Armature_001/Skeleton3D/Zookeeper")
ShirtMaterial = ExtResource("12_wqs78")

[node name="Dash_Trigger" type="Area3D" parent="."]

[node name="CollisionShape3D" type="CollisionShape3D" parent="Dash_Trigger"]
shape = SubResource("SphereShape3D_4upli")

[connection signal="target_reached" from="Navigation_Agent" to="." method="_on_navigation_agent_target_reached"]
[connection signal="animation_finished" from="Zookeeper_Model/AnimationPlayer" to="ZookeeperStateMachine/Charge_Dash" method="_on_animation_player_animation_finished"]
[connection signal="animation_finished" from="Zookeeper_Model/AnimationPlayer" to="ZookeeperStateMachine/Dash" method="_on_animation_player_animation_finished"]
[connection signal="body_entered" from="Dash_Trigger" to="." method="_on_dash_trigger_entered"]

[editable path="Zookeeper_Model"]
