[gd_scene load_steps=4 format=3 uid="uid://co8yniwm7mw4v"]

[ext_resource type="Script" path="res://Character/Scripts/Gibbi.gd" id="1_bjr0a"]
[ext_resource type="PackedScene" uid="uid://bbido7q45u8bu" path="res://Character/Scenes/gibbi_skeleton/ragdoll_gibbi.tscn" id="2_btqg1"]

[sub_resource type="CapsuleShape3D" id="CapsuleShape3D_bmr3t"]
radius = 0.244455
height = 1.6

[node name="Gibbi" type="CharacterBody3D"]
script = ExtResource("1_bjr0a")

[node name="Collision" type="CollisionShape3D" parent="."]
transform = Transform3D(1, 0, 0, 0, 1, 0, 0, 0, 1, 0, 0.8, 0)
shape = SubResource("CapsuleShape3D_bmr3t")

[node name="GibbiSkeleton" parent="Collision" instance=ExtResource("2_btqg1")]
transform = Transform3D(-1, 0, -8.74228e-08, 0, 1, 0, 8.74228e-08, 0, -1, 0, -0.8, 0)

[node name="Physical Bone mixamorig_Hips" parent="Collision/GibbiSkeleton/Armature/GeneralSkeleton" index="1"]
transform = Transform3D(0.998483, -5.52322e-05, -8.79232e-05, 6.01445e-05, 0.995673, -0.0128332, 2.50036e-05, 0.0128509, 0.998478, -0.00114247, 1.62118, -83.4955)
joint_offset = Transform3D(1, 0, 0, 0, 1, 0, 0, 0, 1, 0.00159827, -0.00168595, 5.08487)
body_offset = Transform3D(0.998483, -5.52386e-05, -8.84235e-05, -2.47248e-05, 1.14935e-05, -0.99856, 6.04689e-05, 0.995756, 6.54077e-05, -0.00114632, 5.07755, 0.00134611)

[node name="Physical Bone mixamorig_Spine" parent="Collision/GibbiSkeleton/Armature/GeneralSkeleton" index="2"]
transform = Transform3D(0.999905, 3.89856e-07, -9.52636e-07, 2.82877e-06, 0.989081, 0.147019, -5.93223e-06, -0.147027, 0.989042, -0.00113857, 0.953231, -93.5301)
joint_offset = Transform3D(1, 0, 0, 0, 1, 0, 0, 0, 1, 0.00114472, -0.00028903, 4.98464)
body_offset = Transform3D(0.999905, 4.23752e-07, -9.53674e-07, 5.4508e-06, 3.8743e-06, -0.999909, 3.63635e-06, 0.999949, 7.7486e-07, -0.00113986, 4.98418, 0.000285149)

[node name="Physical Bone mixamorig_Spine1" parent="Collision/GibbiSkeleton/Armature/GeneralSkeleton" index="3"]
transform = Transform3D(0.999869, 3.4977e-06, 1.24211e-05, 3.06153e-05, 0.98855, 0.147018, 3.74508e-06, -0.146983, 0.988794, -0.00117365, -0.464288, -103.09)
joint_offset = Transform3D(1, 0, 0, 0, 1, 0, 0, 0, 1, 0.00111737, -0.00395065, 4.64751)
body_offset = Transform3D(0.999869, 3.53158e-06, 1.24201e-05, -8.20681e-06, 3.79086e-05, -0.999664, 2.9698e-05, 0.999417, 3.71635e-05, -0.00117493, 4.64595, 0.0037756)

[node name="Physical Bone mixamorig_Spine2" parent="Collision/GibbiSkeleton/Armature/GeneralSkeleton" index="4"]
transform = Transform3D(0.999887, -7.97808e-06, -5.48949e-07, 5.87665e-06, 0.99249, 0.121507, -3.61418e-07, -0.121518, 0.992498, -0.000653294, -2.17858, -116.08)
joint_offset = Transform3D(1, 0, 0, 0, 1, 0, 0, 0, 1, 0.000659259, -0.0010354, 8.42797)
body_offset = Transform3D(0.999887, -7.94232e-06, -4.76837e-07, -2.83122e-07, 3.71039e-05, -0.999908, 5.84126e-06, 0.999901, 2.48477e-05, -0.000655174, 8.42719, 0.000825882)

[node name="Physical Bone mixamorig_Shoulder_R" parent="Collision/GibbiSkeleton/Armature/GeneralSkeleton" index="5"]
transform = Transform3D(-0.201477, 0.0494745, 0.977232, 0.956477, -2.2969e-05, 0.205907, 0.00994977, 0.998542, -0.0483935, -9.86732, -4.42654, -118.465)
joint_offset = Transform3D(1, 0, 0, 0, 1, 0, 0, 0, 1, -0.00609613, -0.00201636, 5.41961)
body_offset = Transform3D(0.977518, -2.17999e-05, -1.29789e-05, 0.000413865, 2.33964e-06, -0.999861, -3.34462e-05, 0.999767, 2.28063e-05, 0.00602937, 5.41886, 0.00189209)

[node name="Physical Bone mixamorig_Arm_R" parent="Collision/GibbiSkeleton/Armature/GeneralSkeleton" index="6"]
transform = Transform3D(1.53977e-05, -0.00258111, 0.999946, 0.999867, 6.52129e-06, -6.37771e-06, 2.22443e-05, 0.999919, 0.00256553, -34.0531, -5.5465, -118.198)
joint_offset = Transform3D(1, 0, 0, 0, 1, 0, 0, 0, 1, -0.00191455, -0.0549294, 18.8912)
body_offset = Transform3D(0.999867, 7.48038e-06, -6.52671e-06, -1.5378e-05, 0.00258177, -0.999946, 2.12416e-05, 0.999919, 0.00256618, 0.002038, 18.8903, 0.00644684)

[node name="Physical Bone mixamorig_ForeArm_R" parent="Collision/GibbiSkeleton/Armature/GeneralSkeleton" index="7"]
transform = Transform3D(-9.22206e-06, 0.0203101, 0.999727, 0.999923, -3.42062e-06, 8.67311e-06, 1.17231e-06, 0.999682, -0.0203325, -72.8732, -5.54809, -118.2)
joint_offset = Transform3D(1, 0, 0, 0, 1, 0, 0, 0, 1, -0.000620404, 0.399582, 19.8662)
body_offset = Transform3D(0.999924, -1.83284e-06, 8.17326e-06, 8.9258e-06, -0.0203098, -0.999727, -4.69387e-07, 0.999682, -0.0203323, 0.000458717, 19.8689, 0.00447083)

[node name="Physical Bone mixamorig_Hand_R" parent="Collision/GibbiSkeleton/Armature/GeneralSkeleton" index="8"]
transform = Transform3D(1.1471e-05, -0.782884, 0.620659, -0.506111, -0.535643, -0.672225, 0.862349, -0.314361, -0.396622, -92.5711, -4.21276, -117.413)
joint_offset = Transform3D(1, 0, 0, 0, 1, 0, 0, 0, 1, -0.00348741, -0.00238936, 1.99166)
body_offset = Transform3D(-0.506108, -0.535646, -0.672226, -1.02092e-05, 0.782883, -0.620661, 0.862351, -0.314361, -0.396618, 1.3358, 1.23801, 0.792183)

[node name="Physical Bone mixamorig_Shoulder_L" parent="Collision/GibbiSkeleton/Armature/GeneralSkeleton" index="9"]
transform = Transform3D(-0.205673, -0.0493566, -0.977068, -0.978376, 8.51093e-05, 0.205584, -0.0101655, 0.998508, -0.0483765, 9.85863, -4.42909, -118.463)
joint_offset = Transform3D(1, 0, 0, 0, 1, 0, 0, 0, 1, 3.62452e-05, -0.00444007, 5.41251)
body_offset = Transform3D(0.999813, -0.000102777, 0.000305399, -5.1558e-06, 7.58819e-05, -0.999633, 2.05932e-05, 0.999727, 1.38277e-05, -0.00168967, 5.41053, 0.00436401)

[node name="Physical Bone mixamorig_Arm_L" parent="Collision/GibbiSkeleton/Armature/GeneralSkeleton" index="10"]
transform = Transform3D(6.75213e-06, 2.64795e-05, -0.999861, -0.989561, -1.33588e-05, -5.69311e-06, 2.08413e-05, 0.989585, -2.91753e-05, 34.0912, -5.54627, -118.196)
joint_offset = Transform3D(1, 0, 0, 0, 1, 0, 0, 0, 1, 0.00217023, -0.00833146, 18.931)
body_offset = Transform3D(0.989561, 1.39024e-05, 5.14993e-06, 6.12086e-06, 2.69071e-05, -0.999861, 2.03362e-05, 0.989585, -2.87581e-05, -0.00224495, 18.9284, 0.00878906)

[node name="Physical Bone mixamorig_ForeArm_L" parent="Collision/GibbiSkeleton/Armature/GeneralSkeleton" index="11"]
transform = Transform3D(-1.29538e-06, -1.40128e-05, -0.999926, -0.999829, 3.27262e-06, -1.08361e-06, 1.90736e-05, 0.999845, -2.3952e-05, 72.1683, -5.55095, -118.196)
joint_offset = Transform3D(1, 0, 0, 0, 1, 0, 0, 0, 1, -0.00247073, -0.00842318, 19.1654)
body_offset = Transform3D(0.999829, -2.72691e-06, 5.36442e-07, -1.93715e-06, -1.27852e-05, -0.999926, 1.85668e-05, 0.999845, -2.27392e-05, 0.00246, 19.164, 0.00885773)

[node name="Physical Bone mixamorig_Hand_L" parent="Collision/GibbiSkeleton/Armature/GeneralSkeleton" index="12"]
transform = Transform3D(-5.98799e-06, 0.783549, -0.620938, 0.506647, -0.535327, -0.675259, -0.862018, -0.31474, -0.396902, 92.5685, -4.21081, -117.412)
joint_offset = Transform3D(1, 0, 0, 0, 1, 0, 0, 0, 1, 0.00604135, -0.0019028, 1.98701)
body_offset = Transform3D(-0.506648, 0.535327, 0.675259, -7.56979e-06, 0.783549, -0.620939, -0.862017, -0.314742, -0.396902, -1.33767, 1.23531, 0.793259)

[node name="Physical Bone mixamorig_UpLeg_R" parent="Collision/GibbiSkeleton/Armature/GeneralSkeleton" index="13"]
transform = Transform3D(-0.999922, 1.35089e-05, -1.8721e-06, 1.17564e-05, 0.999836, -0.0125197, -9.71635e-06, -0.0125295, -0.999809, -8.20615, 0.137312, -56.2067)
joint_offset = Transform3D(1, 0, 0, 0, 1, 0, 0, 0, 1, 0.00160331, 0.0109637, 15.4628)
body_offset = Transform3D(0.999922, -1.37724e-05, 4.99191e-07, -1.09412e-05, 2.79397e-06, -0.999887, 1.21407e-05, 0.999915, 1.22795e-05, -0.00161076, 15.4611, -0.0111527)

[node name="Physical Bone mixamorig_Leg_R" parent="Collision/GibbiSkeleton/Armature/GeneralSkeleton" index="14"]
transform = Transform3D(-0.999916, 8.93241e-06, -2.60114e-06, 4.95262e-05, 0.995294, 0.0959108, 4.52332e-06, 0.0959165, -0.995286, -8.20674, -1.19815, -24.7487)
joint_offset = Transform3D(1, 0, 0, 0, 1, 0, 0, 0, 1, 0.000956683, -0.00207059, 16.0813)
body_offset = Transform3D(0.999916, -7.6443e-06, 1.18092e-06, -1.66893e-06, -6.56396e-06, -0.999896, 4.84436e-05, 0.999905, -1.13025e-05, -0.000975609, 16.0796, 0.0022521)

[node name="Physical Bone mixamorig_Foot_R" parent="Collision/GibbiSkeleton/Armature/GeneralSkeleton" index="15"]
transform = Transform3D(-0.999932, 3.93118e-06, -6.12629e-06, 4.74278e-06, 0.631641, -0.775025, 6.42543e-06, -0.775068, -0.631598, -8.33923, 2.61089, -4.36597)
joint_offset = Transform3D(1, 0, 0, 0, 1, 0, 0, 0, 1, -0.131589, -0.00038244, 6.90937)
body_offset = Transform3D(0.999932, -4.96209e-06, 5.57303e-06, 7.18236e-06, -6.07967e-06, -0.99979, -9.53672e-07, 0.99985, -1.23084e-05, 0.131541, 6.90792, 0.0004673)

[node name="Physical Bone mixamorig_UpLeg_L" parent="Collision/GibbiSkeleton/Armature/GeneralSkeleton" index="16"]
transform = Transform3D(-0.999978, -7.76696e-06, -2.01153e-06, -4.69393e-06, 0.99948, -0.0124811, 2.68897e-06, -0.0124924, -0.999865, 8.08205, 0.173214, -56.1594)
joint_offset = Transform3D(1, 0, 0, 0, 1, 0, 0, 0, 1, -0.125783, -0.02496, 15.5097)
body_offset = Transform3D(0.999978, 7.62939e-06, 6.48201e-07, 1.2666e-06, 2.48151e-05, -0.999943, -4.58956e-06, 0.999558, 4.0994e-05, 0.125771, 15.5088, 0.0243126)

[node name="Physical Bone mixamorig_Leg_L" parent="Collision/GibbiSkeleton/Armature/GeneralSkeleton" index="17"]
transform = Transform3D(-0.999885, -2.04765e-05, -1.63407e-05, -6.56186e-06, 0.99472, 0.0957705, 1.95172e-06, 0.0958536, -0.995019, 8.2052, -1.2015, -24.7408)
joint_offset = Transform3D(1, 0, 0, 0, 1, 0, 0, 0, 1, -0.00290143, 0.00201334, 16.094)
body_offset = Transform3D(0.999885, 2.28331e-05, 1.4931e-05, 1.16229e-06, 1.07288e-06, -0.999617, -8.70228e-06, 0.999328, -0.000110321, 0.00266075, 16.0878, -0.000236511)

[node name="Physical Bone mixamorig_Foot_L" parent="Collision/GibbiSkeleton/Armature/GeneralSkeleton" index="18"]
transform = Transform3D(-0.989549, -8.46833e-06, 1.26165e-06, -1.79178e-06, 0.631554, -0.757679, 6.15443e-06, -0.77495, -0.617465, 8.20522, 2.46586, -4.44712)
joint_offset = Transform3D(1, 0, 0, 0, 1, 0, 0, 0, 1, -0.00268542, 0.0283842, 6.8999)
body_offset = Transform3D(0.989549, 7.58469e-06, -1.90611e-06, 1.84659e-06, -2.08616e-07, -0.977415, -5.02806e-06, 0.999704, -1.13547e-05, 0.00267029, 6.74407, -0.0282974)

[node name="Camera3D" type="Camera3D" parent="."]
transform = Transform3D(-2.38357e-08, 0.838243, -0.545297, 3.66408e-08, 0.545297, 0.838243, 1, 1.77636e-14, -4.37114e-08, -1.76358, 3.63098, -0.00583982)

[editable path="Collision/GibbiSkeleton"]
