[gd_scene load_steps=4 format=3 uid="uid://co8yniwm7mw4v"]

[ext_resource type="Script" path="res://Character/Scripts/Gibbi.gd" id="1_bjr0a"]
[ext_resource type="PackedScene" uid="uid://bbido7q45u8bu" path="res://Character/Scenes/gibbi_skeleton/ragdoll_gibbi.tscn" id="2_btqg1"]

[sub_resource type="CapsuleShape3D" id="CapsuleShape3D_bmr3t"]
radius = 0.244455
height = 1.6

[node name="Gibbi" type="CharacterBody3D"]
script = ExtResource("1_bjr0a")

[node name="Collision" type="CollisionShape3D" parent="."]
transform = Transform3D(1, 0, 0, 0, 1, 0, 0, 0, 1, 0, 0.8, 0)
shape = SubResource("CapsuleShape3D_bmr3t")

[node name="GibbiSkeleton" parent="Collision" instance=ExtResource("2_btqg1")]
transform = Transform3D(-1, 0, -8.74228e-08, 0, 1, 0, 8.74228e-08, 0, -1, 0, -0.8, 0)

[node name="Physical Bone mixamorig_Hips" parent="Collision/GibbiSkeleton/Armature/GeneralSkeleton" index="1"]
transform = Transform3D(0.998483, -5.52508e-05, -8.79181e-05, 6.01409e-05, 0.995673, -0.0128335, 2.50044e-05, 0.0128513, 0.998478, -0.0011427, 1.62118, -83.4955)
joint_offset = Transform3D(1, 0, 0, 0, 1, 0, 0, 0, 1, 0.00159848, -0.00168345, 5.08487)
body_offset = Transform3D(0.998483, -5.52572e-05, -8.84184e-05, -2.47257e-05, 1.11107e-05, -0.99856, 6.04653e-05, 0.995756, 6.51283e-05, -0.00114655, 5.07755, 0.00134504)

[node name="Physical Bone mixamorig_Spine" parent="Collision/GibbiSkeleton/Armature/GeneralSkeleton" index="2"]
transform = Transform3D(0.999907, 3.83338e-07, -9.493e-07, 2.83953e-06, 0.989081, 0.147018, -5.90892e-06, -0.147027, 0.989042, -0.00111171, 0.953171, -93.5303)
joint_offset = Transform3D(1, 0, 0, 0, 1, 0, 0, 0, 1, 0.00111784, -0.00026437, 4.98488)
body_offset = Transform3D(0.999907, 4.17234e-07, -9.50339e-07, 5.42616e-06, 3.8743e-06, -0.999909, 3.64357e-06, 0.999949, 6.10948e-07, -0.001113, 4.98443, 0.000261307)

[node name="Physical Bone mixamorig_Spine1" parent="Collision/GibbiSkeleton/Armature/GeneralSkeleton" index="3"]
transform = Transform3D(0.999869, 3.53948e-06, 1.24099e-05, 3.0541e-05, 0.98855, 0.147018, 3.75235e-06, -0.146983, 0.988794, -0.00116316, -0.464323, -103.09)
joint_offset = Transform3D(1, 0, 0, 0, 1, 0, 0, 0, 1, 0.00110693, -0.00392209, 4.64756)
body_offset = Transform3D(0.999869, 3.57336e-06, 1.24089e-05, -8.20309e-06, 3.79086e-05, -0.999664, 2.96235e-05, 0.999417, 3.71784e-05, -0.00116444, 4.646, 0.00374699)

[node name="Physical Bone mixamorig_Spine2" parent="Collision/GibbiSkeleton/Armature/GeneralSkeleton" index="4"]
transform = Transform3D(0.999887, -7.99298e-06, -5.04246e-07, 5.74022e-06, 0.99249, 0.121507, -4.94843e-07, -0.121518, 0.992498, -0.000651879, -2.17859, -116.08)
joint_offset = Transform3D(1, 0, 0, 0, 1, 0, 0, 0, 1, 0.000657467, -0.00103953, 8.42803)
body_offset = Transform3D(0.999887, -7.95722e-06, -4.32134e-07, -1.3411e-07, 3.70443e-05, -0.999908, 5.72205e-06, 0.999901, 2.48849e-05, -0.000653759, 8.42725, 0.000829697)

[node name="Physical Bone mixamorig_Shoulder_R" parent="Collision/GibbiSkeleton/Armature/GeneralSkeleton" index="5"]
transform = Transform3D(-0.204533, 0.0494746, 0.977232, 0.97246, -9.24765e-06, 0.205907, 0.0101012, 0.998542, -0.0483936, -9.8673, -4.42654, -118.465)
joint_offset = Transform3D(1, 0, 0, 0, 1, 0, 0, 0, 1, -0.00599427, -0.00201578, 5.4196)
body_offset = Transform3D(0.993788, -8.3931e-06, -1.23829e-05, 0.000115916, -5.83119e-07, -0.999861, -3.34377e-05, 0.999767, 2.26982e-05, 0.00602412, 5.41885, 0.00189209)

[node name="Physical Bone mixamorig_Arm_R" parent="Collision/GibbiSkeleton/Armature/GeneralSkeleton" index="6"]
transform = Transform3D(1.53828e-05, -0.00258116, 0.999946, 0.999867, 6.49893e-06, -6.14281e-06, 2.22369e-05, 0.999919, 0.00256521, -34.0531, -5.54644, -118.198)
joint_offset = Transform3D(1, 0, 0, 0, 1, 0, 0, 0, 1, -0.0019786, -0.05487, 18.8912)
body_offset = Transform3D(0.999867, 7.45803e-06, -6.29182e-06, -1.53631e-05, 0.00258182, -0.999946, 2.12342e-05, 0.999919, 0.00256586, 0.00209761, 18.8903, 0.00639343)

[node name="Physical Bone mixamorig_ForeArm_R" parent="Collision/GibbiSkeleton/Armature/GeneralSkeleton" index="7"]
transform = Transform3D(-8.87755e-06, 0.0203106, 0.999727, 0.999923, -3.68338e-06, 8.231e-06, 1.66475e-06, 0.999682, -0.0203329, -72.8732, -5.5481, -118.2)
joint_offset = Transform3D(1, 0, 0, 0, 1, 0, 0, 0, 1, -0.000616229, 0.399589, 19.8662)
body_offset = Transform3D(0.999923, -1.82912e-06, 7.98702e-06, 8.84252e-06, -0.0203099, -0.999727, -2.38186e-07, 0.999682, -0.0203323, 0.000458241, 19.8689, 0.0044632)

[node name="Physical Bone mixamorig_Hand_R" parent="Collision/GibbiSkeleton/Armature/GeneralSkeleton" index="8"]
transform = Transform3D(1.07897e-05, -0.782883, 0.620661, -0.50611, -0.535645, -0.672224, 0.86235, -0.314361, -0.396618, -92.5714, -4.21275, -117.413)
joint_offset = Transform3D(1, 0, 0, 0, 1, 0, 0, 0, 1, -0.00346696, -0.00255485, 1.99178)
body_offset = Transform3D(-0.506108, -0.535646, -0.672225, -1.0218e-05, 0.782883, -0.620661, 0.862351, -0.314361, -0.396617, 1.3358, 1.23822, 0.79216)

[node name="Physical Bone mixamorig_Shoulder_L" parent="Collision/GibbiSkeleton/Armature/GeneralSkeleton" index="9"]
transform = Transform3D(-0.205673, -0.0493565, -0.977067, -0.978377, 5.27881e-05, 0.205582, -0.0101661, 0.998506, -0.0483773, 9.8586, -4.42934, -118.463)
joint_offset = Transform3D(1, 0, 0, 0, 1, 0, 0, 0, 1, -0.000211068, -0.0044051, 5.41254)
body_offset = Transform3D(0.999813, -7.11624e-05, 0.000306442, -4.41074e-06, 8.26016e-05, -0.999632, 1.99423e-05, 0.999725, 1.30056e-05, -0.00144792, 5.41055, 0.0043335)

[node name="Physical Bone mixamorig_Arm_L" parent="Collision/GibbiSkeleton/Armature/GeneralSkeleton" index="10"]
transform = Transform3D(6.21625e-06, 2.66098e-05, -0.999861, -0.999853, -1.30416e-05, -5.68408e-06, 2.01556e-05, 0.999877, -2.9467e-05, 34.0912, -5.54626, -118.196)
joint_offset = Transform3D(1, 0, 0, 0, 1, 0, 0, 0, 1, 0.0021473, -0.00824004, 18.931)
body_offset = Transform3D(0.999853, 1.35899e-05, 5.1558e-06, 5.57842e-06, 2.70456e-05, -0.999861, 1.96397e-05, 0.999877, -2.90573e-05, -0.00224447, 18.9284, 0.00878906)

[node name="Physical Bone mixamorig_ForeArm_L" parent="Collision/GibbiSkeleton/Armature/GeneralSkeleton" index="11"]
transform = Transform3D(-2.37399e-07, -1.39272e-05, -0.999929, -0.99983, 3.18836e-06, -5.91879e-07, 1.97945e-05, 0.999846, -2.4183e-05, 72.1683, -5.55095, -118.196)
joint_offset = Transform3D(1, 0, 0, 0, 1, 0, 0, 0, 1, -0.00245872, -0.0084186, 19.1654)
body_offset = Transform3D(0.99983, -2.64358e-06, 5.96053e-08, -8.79169e-07, -1.26958e-05, -0.999929, 1.92821e-05, 0.999846, -2.29776e-05, 0.00245714, 19.164, 0.00885773)

[node name="Physical Bone mixamorig_Hand_L" parent="Collision/GibbiSkeleton/Armature/GeneralSkeleton" index="12"]
transform = Transform3D(-6.27707e-06, 0.78355, -0.620938, 0.506647, -0.535326, -0.675259, -0.862017, -0.31474, -0.396903, 92.5685, -4.21079, -117.412)
joint_offset = Transform3D(1, 0, 0, 0, 1, 0, 0, 0, 1, 0.00602955, -0.00190209, 1.98704)
body_offset = Transform3D(-0.506648, 0.535327, 0.675259, -7.48038e-06, 0.783549, -0.620939, -0.862017, -0.314742, -0.396902, -1.33769, 1.23532, 0.793259)

[node name="Physical Bone mixamorig_UpLeg_R" parent="Collision/GibbiSkeleton/Armature/GeneralSkeleton" index="13"]
transform = Transform3D(-0.999922, 1.35446e-05, -4.41402e-07, 1.20138e-05, 0.999851, -0.0111736, -1.12711e-05, -0.0111848, -0.999827, -8.20617, 0.126291, -56.2064)
joint_offset = Transform3D(1, 0, 0, 0, 1, 0, 0, 0, 1, 0.00160657, 0.0011722, 15.463)
body_offset = Transform3D(0.999922, -1.37511e-05, 4.64827e-07, -1.11125e-05, 3.58373e-06, -0.999889, 1.23456e-05, 0.999914, 1.44979e-05, -0.00161362, 15.4613, -0.0013963)

[node name="Physical Bone mixamorig_Leg_R" parent="Collision/GibbiSkeleton/Armature/GeneralSkeleton" index="14"]
transform = Transform3D(-0.999916, 8.91337e-06, -1.22174e-06, 5.00047e-05, 0.995421, 0.0945785, 3.06388e-06, 0.0945843, -0.995413, -8.20682, -1.21831, -24.7461)
joint_offset = Transform3D(1, 0, 0, 0, 1, 0, 0, 0, 1, 0.000944104, -0.00203829, 16.0813)
body_offset = Transform3D(0.999916, -7.71881e-06, 1.19209e-06, -1.70992e-06, -6.24359e-06, -0.999896, 4.88758e-05, 0.999905, -1.11908e-05, -0.000963211, 16.0796, 0.00221801)

[node name="Physical Bone mixamorig_Foot_R" parent="Collision/GibbiSkeleton/Armature/GeneralSkeleton" index="15"]
transform = Transform3D(-0.999932, 4.98035e-06, -5.11104e-06, 5.24613e-06, 0.631641, -0.775025, 5.06099e-06, -0.775068, -0.6316, -8.20668, 2.61215, -4.36139)
joint_offset = Transform3D(1, 0, 0, 0, 1, 0, 0, 0, 1, 0.0010672, -0.00037501, 6.90928)
body_offset = Transform3D(0.999932, -4.93369e-06, 5.38708e-06, 7.54e-06, -6.10948e-06, -0.999791, -6.55644e-07, 0.99985, -1.12951e-05, -0.00110435, 6.90784, 0.000452995)

[node name="Physical Bone mixamorig_UpLeg_L" parent="Collision/GibbiSkeleton/Armature/GeneralSkeleton" index="16"]
transform = Transform3D(-0.999978, -7.17285e-06, -4.94736e-07, -4.69364e-06, 0.999497, -0.0111808, 1.2167e-06, -0.0111924, -0.99988, 8.19851, 0.153266, -56.1592)
joint_offset = Transform3D(1, 0, 0, 0, 1, 0, 0, 0, 1, -0.00929256, -0.0251777, 15.5097)
body_offset = Transform3D(0.999978, 7.09265e-06, 5.49011e-07, 1.21823e-06, 2.4966e-05, -0.999943, -4.62677e-06, 0.99956, 4.08385e-05, 0.00928402, 15.5088, 0.0245332)

[node name="Physical Bone mixamorig_Leg_L" parent="Collision/GibbiSkeleton/Armature/GeneralSkeleton" index="17"]
transform = Transform3D(-0.999888, -2.06565e-05, -1.51141e-05, -6.81306e-06, 0.994845, 0.0944789, 3.1786e-07, 0.0945636, -0.995142, 8.20514, -1.22094, -24.7384)
joint_offset = Transform3D(1, 0, 0, 0, 1, 0, 0, 0, 1, -0.00290341, 0.00203108, 16.094)
body_offset = Transform3D(0.999888, 2.28882e-05, 1.51139e-05, 9.61125e-07, 1.19954e-06, -0.999617, -8.9854e-06, 0.99933, -0.00011126, 0.0026598, 16.0878, -0.000239134)

[node name="Physical Bone mixamorig_Foot_L" parent="Collision/GibbiSkeleton/Armature/GeneralSkeleton" index="18"]
transform = Transform3D(-0.999843, -7.61627e-06, 2.14419e-06, -1.0943e-06, 0.631672, -0.775115, 4.43523e-06, -0.775092, -0.631674, 8.20517, 2.6123, -4.36072)
joint_offset = Transform3D(1, 0, 0, 0, 1, 0, 0, 0, 1, -0.00260772, 0.000242334, 6.90897)
body_offset = Transform3D(0.999843, 7.80821e-06, -1.93715e-06, 2.16067e-06, 1.10269e-06, -0.999908, -4.32134e-06, 0.999888, -1.21593e-05, 0.0026207, 6.90833, -0.00015831)

[node name="Camera3D" type="Camera3D" parent="."]
transform = Transform3D(-2.38357e-08, 0.838243, -0.545297, 3.66408e-08, 0.545297, 0.838243, 1, 1.77636e-14, -4.37114e-08, -1.76358, 3.63098, -0.00583982)

[editable path="Collision/GibbiSkeleton"]
