[gd_scene load_steps=4 format=3 uid="uid://co8yniwm7mw4v"]

[ext_resource type="Script" path="res://Character/Scripts/Gibbi.gd" id="1_bjr0a"]
[ext_resource type="PackedScene" uid="uid://bbido7q45u8bu" path="res://Character/Scenes/gibbi_skeleton/ragdoll_gibbi.tscn" id="2_btqg1"]

[sub_resource type="CapsuleShape3D" id="CapsuleShape3D_bmr3t"]
radius = 0.244455
height = 1.6

[node name="Gibbi" type="CharacterBody3D"]
script = ExtResource("1_bjr0a")

[node name="Collision" type="CollisionShape3D" parent="."]
transform = Transform3D(1, 0, 0, 0, 1, 0, 0, 0, 1, 0, 0.8, 0)
shape = SubResource("CapsuleShape3D_bmr3t")

[node name="GibbiSkeleton" parent="Collision" instance=ExtResource("2_btqg1")]
transform = Transform3D(-1, 0, -8.74228e-08, 0, 1, 0, 8.74228e-08, 0, -1, 0, -0.8, 0)

[node name="Physical Bone mixamorig_Hips" parent="Collision/GibbiSkeleton/Armature/GeneralSkeleton" index="1"]
transform = Transform3D(0.995517, 0.0742052, -0.0194999, -0.0764978, 0.981257, -0.151507, 0.00786262, 0.152176, 0.986807, 7.80935, 8.59317, -65.9062)
joint_offset = Transform3D(1, 0, 0, 0, 1, 0, 0, 0, 1, 0.00159827, -0.00168695, 5.08487)
body_offset = Transform3D(0.998483, -5.52312e-05, -8.84244e-05, -2.47248e-05, 1.14888e-05, -0.99856, 6.04689e-05, 0.995756, 6.54161e-05, -0.00114632, 5.07755, 0.00134706)

[node name="Physical Bone mixamorig_Spine" parent="Collision/GibbiSkeleton/Armature/GeneralSkeleton" index="2"]
transform = Transform3D(0.999766, 0.00795738, 0.0114411, -0.00672842, 0.994578, -0.103276, -0.0122074, 0.103191, 0.994488, 7.85132, 9.88176, -75.9039)
joint_offset = Transform3D(1, 0, 0, 0, 1, 0, 0, 0, 1, 0.0013637, -0.000749178, 4.98026)
body_offset = Transform3D(0.999863, 4.27477e-07, -9.0932e-07, 5.95459e-06, 3.8594e-06, -0.999902, 3.47523e-06, 0.999949, 1.05798e-06, -0.00135899, 4.97977, 0.000743866)

[node name="Physical Bone mixamorig_Spine1" parent="Collision/GibbiSkeleton/Armature/GeneralSkeleton" index="3"]
transform = Transform3D(0.989923, -0.118353, 0.0759143, 0.136454, 0.939202, -0.313347, -0.0342102, 0.320509, 0.946244, 7.44081, 11.8596, -85.296)
joint_offset = Transform3D(1, 0, 0, 0, 1, 0, 0, 0, 1, 0.00112016, -0.00394779, 4.64746)
body_offset = Transform3D(0.999869, 3.53158e-06, 1.2435e-05, -8.20681e-06, 3.79086e-05, -0.999664, 2.9698e-05, 0.999417, 3.71635e-05, -0.00117779, 4.6459, 0.00377274)

[node name="Physical Bone mixamorig_Spine2" parent="Collision/GibbiSkeleton/Armature/GeneralSkeleton" index="4"]
transform = Transform3D(0.960249, -0.220614, 0.170379, 0.277754, 0.808642, -0.518424, -0.0234072, 0.545188, 0.837868, 5.65055, 17.6921, -96.7845)
joint_offset = Transform3D(1, 0, 0, 0, 1, 0, 0, 0, 1, 0.000657352, -0.00103356, 8.42796)
body_offset = Transform3D(0.999887, -7.94232e-06, -4.76837e-07, -2.83122e-07, 3.71337e-05, -0.999908, 5.84126e-06, 0.999901, 2.48551e-05, -0.000653267, 8.42719, 0.000823975)

[node name="Physical Bone mixamorig_Shoulder_R" parent="Collision/GibbiSkeleton/Armature/GeneralSkeleton" index="5"]
transform = Transform3D(-0.383299, 0.432958, 0.815328, 0.620146, -0.53163, 0.575122, 0.681118, 0.727634, -0.0649035, -3.45143, 14.0911, -99.0804)
joint_offset = Transform3D(1, 0, 0, 0, 1, 0, 0, 0, 1, -0.00598959, -0.00201777, 5.41956)
body_offset = Transform3D(0.997708, -2.74181e-06, -9.47714e-06, 5.20051e-05, -1.72853e-06, -0.999869, -3.3021e-05, 0.999767, 2.3067e-05, 0.00602722, 5.41885, 0.00189209)

[node name="Physical Bone mixamorig_Arm_R" parent="Collision/GibbiSkeleton/Armature/GeneralSkeleton" index="6"]
transform = Transform3D(-0.25798, 0.897575, 0.357246, 0.898001, 0.0865638, 0.431134, 0.356054, 0.4321, -0.828491, -14.5677, 2.83209, -83.0585)
joint_offset = Transform3D(1, 0, 0, 0, 1, 0, 0, 0, 1, -0.000818621, -0.0559721, 18.8911)
body_offset = Transform3D(0.999867, 7.53999e-06, -6.52671e-06, -1.54078e-05, 0.00258178, -0.999946, 2.12416e-05, 0.999919, 0.00256626, 0.00094223, 18.8902, 0.00748825)

[node name="Physical Bone mixamorig_ForeArm_R" parent="Collision/GibbiSkeleton/Armature/GeneralSkeleton" index="7"]
transform = Transform3D(-0.116309, 0.906875, 0.404756, 0.992301, 0.0894051, 0.0848022, 0.0407216, 0.411535, -0.910411, -29.7045, -7.05607, -49.4174)
joint_offset = Transform3D(1, 0, 0, 0, 1, 0, 0, 0, 1, -0.000621375, 0.399585, 19.8662)
body_offset = Transform3D(0.999924, -1.83284e-06, 8.27014e-06, 8.9258e-06, -0.0203098, -0.999727, -4.69387e-07, 0.999682, -0.0203324, 0.000457764, 19.8689, 0.00447083)

[node name="Physical Bone mixamorig_Hand_R" parent="Collision/GibbiSkeleton/Armature/GeneralSkeleton" index="8"]
transform = Transform3D(0.957072, 0.0628889, 0.281652, 0.273586, -0.515429, -0.811059, 0.0946596, 0.853828, -0.510259, -38.0739, -7.04358, -31.7504)
joint_offset = Transform3D(1, 0, 0, 0, 1, 0, 0, 0, 1, -0.00581259, -0.00503339, 1.98871)
body_offset = Transform3D(-0.506109, -0.535646, -0.674525, -9.4939e-06, 0.782883, -0.620661, 0.862352, -0.314361, -0.396617, 1.3358, 1.23826, 0.792189)

[node name="Physical Bone mixamorig_Shoulder_L" parent="Collision/GibbiSkeleton/Armature/GeneralSkeleton" index="9"]
transform = Transform3D(0.0317106, 0.105969, -0.993536, -0.756355, -0.647082, -0.0933494, -0.653107, 0.754661, 0.059392, 15.1246, 20.2488, -99.9657)
joint_offset = Transform3D(1, 0, 0, 0, 1, 0, 0, 0, 1, 0.00418763, -0.00605483, 5.41224)
body_offset = Transform3D(0.999813, -0.000110298, 0.000306085, -4.41819e-06, 7.41519e-05, -0.999678, 2.0355e-05, 0.999729, 1.60597e-05, -0.00584412, 5.41049, 0.00596619)

[node name="Physical Bone mixamorig_Arm_L" parent="Collision/GibbiSkeleton/Armature/GeneralSkeleton" index="10"]
transform = Transform3D(0.643103, -0.719988, -0.260197, -0.763831, -0.5805, -0.281638, 0.0517686, 0.379986, -0.923417, 25.4366, 26.0822, -82.8132)
joint_offset = Transform3D(1, 0, 0, 0, 1, 0, 0, 0, 1, 0.00214779, -0.0082398, 18.931)
body_offset = Transform3D(0.999849, 1.44243e-05, 5.1558e-06, 1.90884e-05, 2.68668e-05, -0.999861, 3.43621e-05, 0.999875, -2.90722e-05, -0.00224495, 18.9284, 0.00878906)

[node name="Physical Bone mixamorig_ForeArm_L" parent="Collision/GibbiSkeleton/Armature/GeneralSkeleton" index="11"]
transform = Transform3D(0.644939, -0.719981, 0.255643, -0.358288, -0.580487, -0.73102, 0.674789, 0.379938, -0.63246, 25.4625, 45.4184, -53.2225)
joint_offset = Transform3D(1, 0, 0, 0, 1, 0, 0, 0, 1, -0.00266317, -0.00848943, 19.1664)
body_offset = Transform3D(0.999829, -2.81632e-06, 1.055e-05, -2.23517e-06, -1.26958e-05, -0.999875, 1.82092e-05, 0.999845, -1.92821e-05, 0.00246048, 19.164, 0.00885773)

[node name="Physical Bone mixamorig_Hand_L" parent="Collision/GibbiSkeleton/Armature/GeneralSkeleton" index="12"]
transform = Transform3D(0.208882, 0.0598955, 0.975643, 0.863381, 0.45724, -0.212802, -0.459027, 0.887091, 0.0436651, 18.6279, 59.8547, -41.1873)
joint_offset = Transform3D(1, 0, 0, 0, 1, 0, 0, 0, 1, 0.00607646, -0.00191417, 1.987)
body_offset = Transform3D(-0.506648, 0.535327, 0.675259, -7.56979e-06, 0.783549, -0.620939, -0.862017, -0.314742, -0.396902, -1.33764, 1.23531, 0.793282)

[node name="Physical Bone mixamorig_UpLeg_R" parent="Collision/GibbiSkeleton/Armature/GeneralSkeleton" index="13"]
transform = Transform3D(-0.992162, 0.0541913, 0.111877, -0.0540729, 0.622284, -0.78078, -0.111953, -0.780801, -0.614491, -2.44468, 18.0048, -44.9887)
joint_offset = Transform3D(1, 0, 0, 0, 1, 0, 0, 0, 1, 0.00158504, 0.00153524, 15.4634)
body_offset = Transform3D(0.999922, -1.45771e-05, 1.45659e-06, -1.09412e-05, 1.84774e-06, -0.999867, 1.21333e-05, 0.999912, -6.76513e-06, -0.00160742, 15.4613, -0.00143051)

[node name="Physical Bone mixamorig_Leg_R" parent="Collision/GibbiSkeleton/Armature/GeneralSkeleton" index="14"]
transform = Transform3D(-0.981278, -0.175801, 0.0776671, -0.167339, 0.980273, 0.104192, -0.0944621, 0.0892529, -0.991415, -5.42377, 28.3995, -19.5491)
joint_offset = Transform3D(1, 0, 0, 0, 1, 0, 0, 0, 1, 0.000949478, -0.00205151, 16.0813)
body_offset = Transform3D(0.999916, -7.24196e-06, 1.09524e-06, -1.66893e-06, -7.23451e-06, -0.999896, 4.84437e-05, 0.999904, -1.13323e-05, -0.000967026, 16.0796, 0.00223351)

[node name="Physical Bone mixamorig_Foot_R" parent="Collision/GibbiSkeleton/Armature/GeneralSkeleton" index="15"]
transform = Transform3D(-0.974068, -0.140748, 0.176728, -0.22594, 0.615512, -0.754813, -0.00253497, -0.775264, -0.631352, -7.89445, 31.9357, 0.769473)
joint_offset = Transform3D(1, 0, 0, 0, 1, 0, 0, 0, 1, 0.00106959, -0.000367671, 6.90929)
body_offset = Transform3D(0.999932, -4.96209e-06, 5.66244e-06, 7.18236e-06, -5.99027e-06, -0.99979, -9.53674e-07, 0.99985, -1.2219e-05, -0.00110865, 6.90784, 0.000452042)

[node name="Physical Bone mixamorig_UpLeg_L" parent="Collision/GibbiSkeleton/Armature/GeneralSkeleton" index="16"]
transform = Transform3D(-0.934484, 0.329323, -0.134694, 0.287448, 0.92133, 0.260309, 0.209927, 0.204445, -0.956024, 17.7393, 0.662215, -39.5287)
joint_offset = Transform3D(1, 0, 0, 0, 1, 0, 0, 0, 1, -0.00931595, -0.0252394, 15.5097)
body_offset = Transform3D(0.999978, 1.06692e-05, 6.48201e-07, 1.3113e-06, 2.3663e-05, -0.999943, -4.52995e-06, 0.99955, 4.09931e-05, 0.00930595, 15.5088, 0.0245922)

[node name="Physical Bone mixamorig_Leg_L" parent="Collision/GibbiSkeleton/Armature/GeneralSkeleton" index="17"]
transform = Transform3D(-0.981771, 0.188829, 0.0137816, 0.111967, 0.519553, 0.846474, 0.152828, 0.8325, -0.531531, 19.5902, -16.9969, -16.253)
joint_offset = Transform3D(1, 0, 0, 0, 1, 0, 0, 0, 1, -0.00290107, 0.00199331, 16.094)
body_offset = Transform3D(0.999884, 2.39499e-05, 1.49086e-05, 1.40816e-06, 6.25849e-07, -0.999616, -8.6762e-06, 0.999324, -0.000109076, 0.00266075, 16.0878, -0.000236511)

[node name="Physical Bone mixamorig_Foot_L" parent="Collision/GibbiSkeleton/Armature/GeneralSkeleton" index="18"]
transform = Transform3D(-0.983962, 0.153604, -0.0886365, 0.175129, 0.920063, -0.350112, 0.027777, -0.360071, -0.932396, 19.979, -28.1999, -1.25997)
joint_offset = Transform3D(1, 0, 0, 0, 1, 0, 0, 0, 1, -0.00388948, 0.000218631, 6.90838)
body_offset = Transform3D(0.999811, 6.72042e-06, -1.98185e-06, -2.88337e-06, 1.37091e-06, -0.999899, -1.86861e-05, 0.999881, -9.56655e-06, 0.00390244, 6.90768, -0.000152588)

[node name="Camera3D" type="Camera3D" parent="."]
transform = Transform3D(-2.38357e-08, 0.838243, -0.545297, 3.66408e-08, 0.545297, 0.838243, 1, 1.77636e-14, -4.37114e-08, -1.76358, 3.63098, -0.00583982)

[editable path="Collision/GibbiSkeleton"]
