[gd_scene load_steps=4 format=3 uid="uid://co8yniwm7mw4v"]

[ext_resource type="Script" path="res://Character/Scripts/Gibbi.gd" id="1_bjr0a"]
[ext_resource type="PackedScene" uid="uid://bbido7q45u8bu" path="res://Character/Scenes/gibbi_skeleton/ragdoll_gibbi.tscn" id="2_btqg1"]

[sub_resource type="CapsuleShape3D" id="CapsuleShape3D_bmr3t"]
radius = 0.244455
height = 1.6

[node name="Gibbi" type="CharacterBody3D"]
script = ExtResource("1_bjr0a")

[node name="Collision" type="CollisionShape3D" parent="."]
transform = Transform3D(1, 0, 0, 0, 1, 0, 0, 0, 1, 0, 0.8, 0)
shape = SubResource("CapsuleShape3D_bmr3t")

[node name="GibbiSkeleton" parent="Collision" instance=ExtResource("2_btqg1")]
transform = Transform3D(-1, 0, -8.74228e-08, 0, 1, 0, 8.74228e-08, 0, -1, 0, -0.8, 0)

[node name="Physical Bone mixamorig_Hips" parent="Collision/GibbiSkeleton/Armature/GeneralSkeleton" index="1"]
transform = Transform3D(0.995517, 0.0742052, -0.0194999, -0.0764978, 0.981257, -0.151507, 0.00786262, 0.152176, 0.986807, 7.80935, 8.59317, -65.9062)
joint_offset = Transform3D(1, 0, 0, 0, 1, 0, 0, 0, 1, 0.00159827, -0.001686, 5.08487)
body_offset = Transform3D(0.998483, -5.52386e-05, -8.84235e-05, -2.47248e-05, 1.14888e-05, -0.99856, 6.04689e-05, 0.995756, 6.54161e-05, -0.00114632, 5.07755, 0.00134611)

[node name="Physical Bone mixamorig_Spine" parent="Collision/GibbiSkeleton/Armature/GeneralSkeleton" index="2"]
transform = Transform3D(0.999807, 0.00795738, 0.0114411, -0.00672859, 0.994578, -0.103277, -0.0122074, 0.103191, 0.994494, 7.85149, 9.88176, -75.9083)
joint_offset = Transform3D(1, 0, 0, 0, 1, 0, 0, 0, 1, 0.00113303, -0.000293105, 4.98463)
body_offset = Transform3D(0.999905, 4.23752e-07, -9.48494e-07, 5.4508e-06, 3.8594e-06, -0.999907, 3.63635e-06, 0.999949, 8.27014e-07, -0.0011282, 4.98417, 0.000288963)

[node name="Physical Bone mixamorig_Spine1" parent="Collision/GibbiSkeleton/Armature/GeneralSkeleton" index="3"]
transform = Transform3D(0.989923, -0.118353, 0.0759143, 0.136454, 0.939202, -0.313347, -0.0342102, 0.320509, 0.946244, 7.44081, 11.8596, -85.296)
joint_offset = Transform3D(1, 0, 0, 0, 1, 0, 0, 0, 1, 0.00111737, -0.00394779, 4.64746)
body_offset = Transform3D(0.999869, 3.53158e-06, 1.24201e-05, -8.20681e-06, 3.79086e-05, -0.999664, 2.9698e-05, 0.999417, 3.71635e-05, -0.00117493, 4.6459, 0.00377274)

[node name="Physical Bone mixamorig_Spine2" parent="Collision/GibbiSkeleton/Armature/GeneralSkeleton" index="4"]
transform = Transform3D(0.960249, -0.220614, 0.170379, 0.277754, 0.808642, -0.518424, -0.0234072, 0.545188, 0.837868, 5.65054, 17.6921, -96.7845)
joint_offset = Transform3D(1, 0, 0, 0, 1, 0, 0, 0, 1, 0.000659259, -0.00103356, 8.42796)
body_offset = Transform3D(0.999887, -7.94232e-06, -4.76837e-07, -2.83122e-07, 3.71337e-05, -0.999908, 5.84126e-06, 0.999901, 2.48551e-05, -0.000655174, 8.42719, 0.000823975)

[node name="Physical Bone mixamorig_Shoulder_R" parent="Collision/GibbiSkeleton/Armature/GeneralSkeleton" index="5"]
transform = Transform3D(-0.381845, 0.432959, 0.815323, 0.617673, -0.531634, 0.575116, 0.678446, 0.72763, -0.0649054, -3.45143, 14.0911, -99.0804)
joint_offset = Transform3D(1, 0, 0, 0, 1, 0, 0, 0, 1, -0.00599567, -0.00201648, 5.4196)
body_offset = Transform3D(0.993788, -8.37445e-06, -1.26958e-05, 0.00011602, -5.66244e-07, -0.999862, -3.34084e-05, 0.999767, 2.28286e-05, 0.00602722, 5.41885, 0.00189209)

[node name="Physical Bone mixamorig_Arm_R" parent="Collision/GibbiSkeleton/Armature/GeneralSkeleton" index="6"]
transform = Transform3D(-0.25798, 0.897575, 0.357246, 0.898001, 0.0865637, 0.431134, 0.356054, 0.4321, -0.828491, -14.5689, 2.83294, -83.0585)
joint_offset = Transform3D(1, 0, 0, 0, 1, 0, 0, 0, 1, -0.00191169, -0.0549369, 18.8912)
body_offset = Transform3D(0.999867, 7.48038e-06, -6.52671e-06, -1.5378e-05, 0.00258177, -0.999946, 2.12416e-05, 0.999919, 0.00256618, 0.00203514, 18.8903, 0.00645447)

[node name="Physical Bone mixamorig_ForeArm_R" parent="Collision/GibbiSkeleton/Armature/GeneralSkeleton" index="7"]
transform = Transform3D(-0.116309, 0.906875, 0.404756, 0.992301, 0.0894051, 0.0848021, 0.0407216, 0.411535, -0.910411, -29.7045, -7.05607, -49.4174)
joint_offset = Transform3D(1, 0, 0, 0, 1, 0, 0, 0, 1, -0.000620404, 0.399586, 19.8662)
body_offset = Transform3D(0.999924, -1.83284e-06, 8.17329e-06, 8.9258e-06, -0.0203098, -0.999727, -4.69387e-07, 0.999682, -0.0203323, 0.000458717, 19.8689, 0.00446701)

[node name="Physical Bone mixamorig_Hand_R" parent="Collision/GibbiSkeleton/Armature/GeneralSkeleton" index="8"]
transform = Transform3D(0.957071, 0.0628889, 0.280021, 0.273587, -0.515429, -0.809481, 0.0946587, 0.853828, -0.510629, -38.0739, -7.04358, -31.7505)
joint_offset = Transform3D(1, 0, 0, 0, 1, 0, 0, 0, 1, -0.00348747, -0.00256832, 1.99181)
body_offset = Transform3D(-0.506108, -0.535646, -0.672226, -1.02092e-05, 0.782883, -0.620661, 0.862351, -0.314361, -0.396618, 1.3358, 1.23825, 0.792187)

[node name="Physical Bone mixamorig_Shoulder_L" parent="Collision/GibbiSkeleton/Armature/GeneralSkeleton" index="9"]
transform = Transform3D(0.0317106, 0.105978, -0.993492, -0.756355, -0.64711, -0.0933437, -0.653106, 0.754633, 0.0593869, 15.1246, 20.2467, -99.9696)
joint_offset = Transform3D(1, 0, 0, 0, 1, 0, 0, 0, 1, 2.65164e-05, -0.00443662, 5.41253)
body_offset = Transform3D(0.999813, -7.03931e-05, 0.000306562, -4.41819e-06, 8.26865e-05, -0.999633, 2.03252e-05, 0.999727, 1.31913e-05, -0.0016861, 5.41054, 0.00436401)

[node name="Physical Bone mixamorig_Arm_L" parent="Collision/GibbiSkeleton/Armature/GeneralSkeleton" index="10"]
transform = Transform3D(0.643112, -0.719988, -0.260197, -0.763829, -0.5805, -0.281638, 0.0517516, 0.379986, -0.923417, 25.4366, 26.0822, -82.8132)
joint_offset = Transform3D(1, 0, 0, 0, 1, 0, 0, 0, 1, 0.00214778, -0.00823976, 18.931)
body_offset = Transform3D(0.999853, 1.40965e-05, 5.1558e-06, 6.13928e-06, 2.69115e-05, -0.999861, 2.0653e-05, 0.999876, -2.90722e-05, -0.00224495, 18.9284, 0.00878906)

[node name="Physical Bone mixamorig_ForeArm_L" parent="Collision/GibbiSkeleton/Armature/GeneralSkeleton" index="11"]
transform = Transform3D(0.644939, -0.719981, 0.255653, -0.358288, -0.580487, -0.731052, 0.674789, 0.379938, -0.632501, 25.4625, 45.4184, -53.2225)
joint_offset = Transform3D(1, 0, 0, 0, 1, 0, 0, 0, 1, -0.00247121, -0.00842318, 19.1654)
body_offset = Transform3D(0.999829, -2.72691e-06, 5.36442e-07, -1.93715e-06, -1.27852e-05, -0.999926, 1.85668e-05, 0.999845, -2.27392e-05, 0.00246048, 19.164, 0.00885773)

[node name="Physical Bone mixamorig_Hand_L" parent="Collision/GibbiSkeleton/Armature/GeneralSkeleton" index="12"]
transform = Transform3D(0.208882, 0.0598955, 0.975643, 0.863381, 0.45724, -0.212802, -0.459027, 0.887091, 0.0436651, 18.6279, 59.8547, -41.1873)
joint_offset = Transform3D(1, 0, 0, 0, 1, 0, 0, 0, 1, 0.00606102, -0.00189629, 1.98702)
body_offset = Transform3D(-0.506648, 0.535327, 0.675259, -7.56979e-06, 0.783549, -0.620939, -0.862017, -0.314742, -0.396902, -1.33767, 1.23531, 0.793282)

[node name="Physical Bone mixamorig_UpLeg_R" parent="Collision/GibbiSkeleton/Armature/GeneralSkeleton" index="13"]
transform = Transform3D(-0.992162, 0.0541904, 0.111882, -0.0540729, 0.622285, -0.780784, -0.111953, -0.780801, -0.614518, -2.44467, 18.0048, -44.9887)
joint_offset = Transform3D(1, 0, 0, 0, 1, 0, 0, 0, 1, 0.00160032, 0.00123935, 15.463)
body_offset = Transform3D(0.999922, -1.37724e-05, 4.99189e-07, -1.09412e-05, 2.80142e-06, -0.999887, 1.21407e-05, 0.999913, 1.2368e-05, -0.00160789, 15.4613, -0.00143051)

[node name="Physical Bone mixamorig_Leg_R" parent="Collision/GibbiSkeleton/Armature/GeneralSkeleton" index="14"]
transform = Transform3D(-0.981278, -0.175801, 0.077667, -0.167339, 0.980274, 0.104192, -0.0944621, 0.0892537, -0.991415, -5.42376, 28.3995, -19.5491)
joint_offset = Transform3D(1, 0, 0, 0, 1, 0, 0, 0, 1, 0.000956683, -0.00203661, 16.0813)
body_offset = Transform3D(0.999916, -7.6443e-06, 1.18092e-06, -1.66893e-06, -6.53416e-06, -0.999896, 4.84437e-05, 0.999905, -1.131e-05, -0.000975609, 16.0796, 0.00221825)

[node name="Physical Bone mixamorig_Foot_R" parent="Collision/GibbiSkeleton/Armature/GeneralSkeleton" index="15"]
transform = Transform3D(-0.974068, -0.140748, 0.176728, -0.22594, 0.615512, -0.754812, -0.00253497, -0.775264, -0.631352, -7.89445, 31.9357, 0.769473)
joint_offset = Transform3D(1, 0, 0, 0, 1, 0, 0, 0, 1, 0.00107021, -0.000368083, 6.90929)
body_offset = Transform3D(0.999932, -4.96209e-06, 5.57303e-06, 7.18236e-06, -5.99027e-06, -0.99979, -9.53674e-07, 0.99985, -1.21593e-05, -0.00110865, 6.90784, 0.000452042)

[node name="Physical Bone mixamorig_UpLeg_L" parent="Collision/GibbiSkeleton/Armature/GeneralSkeleton" index="16"]
transform = Transform3D(-0.934483, 0.329329, -0.134694, 0.287448, 0.921336, 0.260309, 0.209927, 0.204447, -0.956024, 17.7393, 0.662182, -39.5287)
joint_offset = Transform3D(1, 0, 0, 0, 1, 0, 0, 0, 1, -0.00930649, -0.025205, 15.5097)
body_offset = Transform3D(0.999978, 7.62939e-06, 6.48201e-07, 1.2666e-06, 2.48104e-05, -0.999943, -4.58956e-06, 0.999558, 4.09931e-05, 0.00929642, 15.5088, 0.0245581)

[node name="Physical Bone mixamorig_Leg_L" parent="Collision/GibbiSkeleton/Armature/GeneralSkeleton" index="17"]
transform = Transform3D(-0.981772, 0.188831, 0.0137813, 0.111967, 0.519554, 0.846473, 0.152829, 0.832504, -0.531532, 19.5902, -16.9969, -16.253)
joint_offset = Transform3D(1, 0, 0, 0, 1, 0, 0, 0, 1, -0.00290143, 0.0020125, 16.094)
body_offset = Transform3D(0.999885, 2.31974e-05, 1.4931e-05, 1.16229e-06, 1.01328e-06, -0.999616, -8.70228e-06, 0.999328, -0.000110269, 0.00266075, 16.0878, -0.000236511)

[node name="Physical Bone mixamorig_Foot_L" parent="Collision/GibbiSkeleton/Armature/GeneralSkeleton" index="18"]
transform = Transform3D(-0.983988, 0.153604, -0.0886375, 0.175149, 0.92007, -0.350116, 0.0277773, -0.360074, -0.932403, 19.9803, -28.1999, -1.25944)
joint_offset = Transform3D(1, 0, 0, 0, 1, 0, 0, 0, 1, -0.00265733, 0.000229554, 6.90894)
body_offset = Transform3D(0.999841, 7.7188e-06, -1.93715e-06, 1.87755e-06, 1.07288e-06, -0.999906, -5.0813e-06, 0.999887, -1.14143e-05, 0.00267029, 6.90829, -0.000150681)

[node name="Camera3D" type="Camera3D" parent="."]
transform = Transform3D(-2.38357e-08, 0.838243, -0.545297, 3.66408e-08, 0.545297, 0.838243, 1, 1.77636e-14, -4.37114e-08, -1.76358, 3.63098, -0.00583982)

[editable path="Collision/GibbiSkeleton"]
