[gd_scene load_steps=4 format=3 uid="uid://co8yniwm7mw4v"]

[ext_resource type="Script" path="res://Character/Scripts/Gibbi.gd" id="1_bjr0a"]
[ext_resource type="PackedScene" uid="uid://bbido7q45u8bu" path="res://Character/Scenes/gibbi_skeleton/ragdoll_gibbi.tscn" id="2_btqg1"]

[sub_resource type="CapsuleShape3D" id="CapsuleShape3D_bmr3t"]
radius = 0.244455
height = 1.6

[node name="Gibbi" type="CharacterBody3D"]
script = ExtResource("1_bjr0a")

[node name="Collision" type="CollisionShape3D" parent="."]
transform = Transform3D(1, 0, 0, 0, 1, 0, 0, 0, 1, 0, 0.8, 0)
shape = SubResource("CapsuleShape3D_bmr3t")

[node name="GibbiSkeleton" parent="Collision" instance=ExtResource("2_btqg1")]
transform = Transform3D(-1, 0, -8.74228e-08, 0, 1, 0, 8.74228e-08, 0, -1, 0, -0.8, 0)

[node name="Physical Bone mixamorig_Hips" parent="Collision/GibbiSkeleton/Armature/GeneralSkeleton" index="1"]
transform = Transform3D(0.998483, -5.52322e-05, -8.79232e-05, 6.01445e-05, 0.995673, -0.0128332, 2.50036e-05, 0.0128509, 0.998478, -0.00114247, 1.62118, -83.4955)
joint_offset = Transform3D(1, 0, 0, 0, 1, 0, 0, 0, 1, 0.00159827, -0.00168595, 5.08487)
body_offset = Transform3D(0.998483, -5.52386e-05, -8.84235e-05, -2.47248e-05, 1.14907e-05, -0.99856, 6.04689e-05, 0.995756, 6.54077e-05, -0.00114632, 5.07755, 0.00134611)

[node name="Physical Bone mixamorig_Spine" parent="Collision/GibbiSkeleton/Armature/GeneralSkeleton" index="2"]
transform = Transform3D(0.999905, 3.89856e-07, -9.47463e-07, 2.82877e-06, 0.989081, 0.147018, -5.93223e-06, -0.147027, 0.989042, -0.00112692, 0.953231, -93.5301)
joint_offset = Transform3D(1, 0, 0, 0, 1, 0, 0, 0, 1, 0.00113305, -0.000288299, 4.98463)
body_offset = Transform3D(0.999905, 4.23752e-07, -9.48502e-07, 5.4508e-06, 3.8743e-06, -0.999909, 3.63635e-06, 0.999949, 8.19564e-07, -0.00112821, 4.98418, 0.000284195)

[node name="Physical Bone mixamorig_Spine1" parent="Collision/GibbiSkeleton/Armature/GeneralSkeleton" index="3"]
transform = Transform3D(0.999869, 3.4977e-06, 1.24211e-05, 3.06153e-05, 0.98855, 0.147018, 3.74508e-06, -0.146983, 0.988794, -0.00117365, -0.464288, -103.09)
joint_offset = Transform3D(1, 0, 0, 0, 1, 0, 0, 0, 1, 0.00111737, -0.00395065, 4.64751)
body_offset = Transform3D(0.999869, 3.53158e-06, 1.24201e-05, -8.20681e-06, 3.79086e-05, -0.999664, 2.9698e-05, 0.999417, 3.71635e-05, -0.00117493, 4.64595, 0.0037756)

[node name="Physical Bone mixamorig_Spine2" parent="Collision/GibbiSkeleton/Armature/GeneralSkeleton" index="4"]
transform = Transform3D(0.999887, -7.97808e-06, -5.48949e-07, 5.87665e-06, 0.99249, 0.121507, -3.61418e-07, -0.121518, 0.992498, -0.000653294, -2.17858, -116.08)
joint_offset = Transform3D(1, 0, 0, 0, 1, 0, 0, 0, 1, 0.000659259, -0.0010354, 8.42797)
body_offset = Transform3D(0.999887, -7.94232e-06, -4.76837e-07, -2.83122e-07, 3.71039e-05, -0.999908, 5.84126e-06, 0.999901, 2.48477e-05, -0.000655174, 8.42719, 0.000825882)

[node name="Physical Bone mixamorig_Shoulder_R" parent="Collision/GibbiSkeleton/Armature/GeneralSkeleton" index="5"]
transform = Transform3D(-0.204531, 0.0494745, 0.977232, 0.972444, -9.25217e-06, 0.205907, 0.0101011, 0.998542, -0.0483935, -9.86731, -4.42654, -118.465)
joint_offset = Transform3D(1, 0, 0, 0, 1, 0, 0, 0, 1, -0.00599567, -0.00201636, 5.41961)
body_offset = Transform3D(0.993772, -8.37713e-06, -1.29789e-05, 0.000117242, -4.85309e-07, -0.999861, -3.34162e-05, 0.999767, 2.28063e-05, 0.00602865, 5.41886, 0.00189209)

[node name="Physical Bone mixamorig_Arm_R" parent="Collision/GibbiSkeleton/Armature/GeneralSkeleton" index="6"]
transform = Transform3D(1.53977e-05, -0.00258111, 0.999946, 0.999867, 6.52129e-06, -6.37771e-06, 2.22443e-05, 0.999919, 0.00256553, -34.0531, -5.5465, -118.198)
joint_offset = Transform3D(1, 0, 0, 0, 1, 0, 0, 0, 1, -0.00191455, -0.0549294, 18.8912)
body_offset = Transform3D(0.999867, 7.48038e-06, -6.52671e-06, -1.5378e-05, 0.00258177, -0.999946, 2.12416e-05, 0.999919, 0.00256618, 0.002038, 18.8903, 0.00644684)

[node name="Physical Bone mixamorig_ForeArm_R" parent="Collision/GibbiSkeleton/Armature/GeneralSkeleton" index="7"]
transform = Transform3D(-9.22206e-06, 0.0203101, 0.999727, 0.999924, -3.42062e-06, 8.67313e-06, 1.17231e-06, 0.999682, -0.0203325, -72.8732, -5.54809, -118.2)
joint_offset = Transform3D(1, 0, 0, 0, 1, 0, 0, 0, 1, -0.000620404, 0.399582, 19.8662)
body_offset = Transform3D(0.999924, -1.83284e-06, 8.17328e-06, 8.9258e-06, -0.0203098, -0.999727, -4.69387e-07, 0.999682, -0.0203323, 0.000458717, 19.8689, 0.00447083)

[node name="Physical Bone mixamorig_Hand_R" parent="Collision/GibbiSkeleton/Armature/GeneralSkeleton" index="8"]
transform = Transform3D(1.1471e-05, -0.782884, 0.620659, -0.506111, -0.535643, -0.672225, 0.862349, -0.314361, -0.396622, -92.5713, -4.21276, -117.413)
joint_offset = Transform3D(1, 0, 0, 0, 1, 0, 0, 0, 1, -0.00348639, -0.00253402, 1.99177)
body_offset = Transform3D(-0.506108, -0.535646, -0.672226, -1.02092e-05, 0.782883, -0.620661, 0.862351, -0.314361, -0.396618, 1.3358, 1.2382, 0.792183)

[node name="Physical Bone mixamorig_Shoulder_L" parent="Collision/GibbiSkeleton/Armature/GeneralSkeleton" index="9"]
transform = Transform3D(-0.205673, -0.0493566, -0.977068, -0.978377, 5.20484e-05, 0.205583, -0.0101655, 0.998508, -0.0483768, 9.85863, -4.4291, -118.463)
joint_offset = Transform3D(1, 0, 0, 0, 1, 0, 0, 0, 1, 3.50935e-05, -0.00443847, 5.41252)
body_offset = Transform3D(0.999813, -7.04253e-05, 0.000305638, -4.67896e-06, 8.2691e-05, -0.999633, 2.04936e-05, 0.999727, 1.35334e-05, -0.00168967, 5.41053, 0.00436401)

[node name="Physical Bone mixamorig_Arm_L" parent="Collision/GibbiSkeleton/Armature/GeneralSkeleton" index="10"]
transform = Transform3D(6.77705e-06, 2.64794e-05, -0.999861, -0.999843, -1.35471e-05, -5.69898e-06, 2.1163e-05, 0.999867, -2.94891e-05, 34.0912, -5.54627, -118.196)
joint_offset = Transform3D(1, 0, 0, 0, 1, 0, 0, 0, 1, 0.0021478, -0.00823984, 18.931)
body_offset = Transform3D(0.999843, 1.40963e-05, 5.1558e-06, 6.13922e-06, 2.69115e-05, -0.999861, 2.06527e-05, 0.999867, -2.90719e-05, -0.00224495, 18.9284, 0.00878906)

[node name="Physical Bone mixamorig_ForeArm_L" parent="Collision/GibbiSkeleton/Armature/GeneralSkeleton" index="11"]
transform = Transform3D(-1.29538e-06, -1.40128e-05, -0.999926, -0.999829, 3.27262e-06, -1.08361e-06, 1.90736e-05, 0.999845, -2.3952e-05, 72.1683, -5.55095, -118.196)
joint_offset = Transform3D(1, 0, 0, 0, 1, 0, 0, 0, 1, -0.00247073, -0.00842318, 19.1654)
body_offset = Transform3D(0.999829, -2.72691e-06, 5.36442e-07, -1.93715e-06, -1.27852e-05, -0.999926, 1.85668e-05, 0.999845, -2.27392e-05, 0.00246, 19.164, 0.00885773)

[node name="Physical Bone mixamorig_Hand_L" parent="Collision/GibbiSkeleton/Armature/GeneralSkeleton" index="12"]
transform = Transform3D(-5.98798e-06, 0.783549, -0.620938, 0.506647, -0.535327, -0.675259, -0.862018, -0.31474, -0.396902, 92.5685, -4.21081, -117.412)
joint_offset = Transform3D(1, 0, 0, 0, 1, 0, 0, 0, 1, 0.00604147, -0.00190595, 1.98702)
body_offset = Transform3D(-0.506648, 0.535327, 0.675259, -7.56979e-06, 0.783549, -0.620939, -0.862017, -0.314742, -0.396902, -1.33767, 1.23531, 0.793259)

[node name="Physical Bone mixamorig_UpLeg_R" parent="Collision/GibbiSkeleton/Armature/GeneralSkeleton" index="13"]
transform = Transform3D(-0.999922, 1.35089e-05, -1.8721e-06, 1.17564e-05, 0.999835, -0.0125196, -9.71635e-06, -0.0125295, -0.999809, -8.20615, 0.147026, -56.2067)
joint_offset = Transform3D(1, 0, 0, 0, 1, 0, 0, 0, 1, 0.00160318, 0.0012496, 15.4629)
body_offset = Transform3D(0.999922, -1.37724e-05, 4.99189e-07, -1.09412e-05, 2.78838e-06, -0.999887, 1.21407e-05, 0.999914, 1.23261e-05, -0.00161076, 15.4612, -0.00144011)

[node name="Physical Bone mixamorig_Leg_R" parent="Collision/GibbiSkeleton/Armature/GeneralSkeleton" index="14"]
transform = Transform3D(-0.999916, 8.93241e-06, -2.60114e-06, 4.95262e-05, 0.995294, 0.0959108, 4.52332e-06, 0.0959165, -0.995286, -8.20674, -1.19816, -24.7487)
joint_offset = Transform3D(1, 0, 0, 0, 1, 0, 0, 0, 1, 0.000956683, -0.00207011, 16.0813)
body_offset = Transform3D(0.999916, -7.6443e-06, 1.18092e-06, -1.66893e-06, -6.54906e-06, -0.999896, 4.84436e-05, 0.999905, -1.13025e-05, -0.000975609, 16.0796, 0.00225163)

[node name="Physical Bone mixamorig_Foot_R" parent="Collision/GibbiSkeleton/Armature/GeneralSkeleton" index="15"]
transform = Transform3D(-0.999932, 3.93118e-06, -6.12629e-06, 4.74278e-06, 0.631641, -0.775025, 6.42543e-06, -0.775068, -0.631598, -8.2067, 2.61087, -4.36599)
joint_offset = Transform3D(1, 0, 0, 0, 1, 0, 0, 0, 1, 0.000947656, -0.000380341, 6.90934)
body_offset = Transform3D(0.999932, -4.96209e-06, 5.57303e-06, 7.18236e-06, -6.07967e-06, -0.99979, -9.53672e-07, 0.99985, -1.22488e-05, -0.000986099, 6.90789, 0.000464916)

[node name="Physical Bone mixamorig_UpLeg_L" parent="Collision/GibbiSkeleton/Armature/GeneralSkeleton" index="16"]
transform = Transform3D(-0.999978, -7.76697e-06, -2.01153e-06, -4.69393e-06, 0.99948, -0.0124811, 2.68897e-06, -0.0124924, -0.999865, 8.19842, 0.173452, -56.1594)
joint_offset = Transform3D(1, 0, 0, 0, 1, 0, 0, 0, 1, -0.00941425, -0.0251976, 15.5097)
body_offset = Transform3D(0.999978, 7.62939e-06, 6.48201e-07, 1.2666e-06, 2.48151e-05, -0.999943, -4.58956e-06, 0.999558, 4.0994e-05, 0.00940418, 15.5088, 0.0245506)

[node name="Physical Bone mixamorig_Leg_L" parent="Collision/GibbiSkeleton/Armature/GeneralSkeleton" index="17"]
transform = Transform3D(-0.999885, -2.08405e-05, -1.63407e-05, -6.56186e-06, 0.99472, 0.0957705, 1.95172e-06, 0.0958536, -0.995019, 8.2052, -1.2015, -24.7408)
joint_offset = Transform3D(1, 0, 0, 0, 1, 0, 0, 0, 1, -0.00290143, 0.0020131, 16.094)
body_offset = Transform3D(0.999885, 2.31971e-05, 1.4931e-05, 1.16229e-06, 1.07288e-06, -0.999617, -8.70228e-06, 0.999328, -0.000110306, 0.00266075, 16.0878, -0.000236511)

[node name="Physical Bone mixamorig_Foot_L" parent="Collision/GibbiSkeleton/Armature/GeneralSkeleton" index="18"]
transform = Transform3D(-0.999831, -8.60252e-06, 1.27785e-06, -1.80188e-06, 0.631662, -0.775098, 6.22654e-06, -0.775081, -0.63166, 8.20522, 2.6108, -4.36528)
joint_offset = Transform3D(1, 0, 0, 0, 1, 0, 0, 0, 1, -0.00265736, 0.000252664, 6.90892)
body_offset = Transform3D(0.999831, 7.71873e-06, -1.93712e-06, 1.87753e-06, 4.47035e-07, -0.999885, -5.08125e-06, 0.999874, -1.16527e-05, 0.00267029, 6.90813, -0.000172138)

[node name="LeftArmAttachment" parent="Collision/GibbiSkeleton/Armature/GeneralSkeleton" index="19"]
transform = Transform3D(6.37938e-07, 1, -4.32134e-07, -1, 5.43235e-07, 5.4928e-07, 5.10392e-07, 4.17233e-07, 1, 15.1628, -5.54852, -118.205)

[node name="LeftForearmAttachment" parent="Collision/GibbiSkeleton/Armature/GeneralSkeleton" index="20"]
transform = Transform3D(6.41903e-07, 1, -1.22783e-06, -1, 5.472e-07, 5.458e-07, 5.06913e-07, 1.21293e-06, 1, 53.0043, -5.5485, -118.205)

[node name="LeftHandAttachment" parent="Collision/GibbiSkeleton/Armature/GeneralSkeleton" index="21"]
transform = Transform3D(9.02615e-08, 1, -1.88805e-06, -1, -4.43917e-09, 1.33586e-06, 1.29697e-06, 1.87315e-06, 1, 91.3332, -5.54848, -118.205)

[node name="RightArmAttachment" parent="Collision/GibbiSkeleton/Armature/GeneralSkeleton" index="22"]
transform = Transform3D(1.97327e-08, -1, 6.59376e-07, 1, -1.51471e-07, -9.58779e-07, 1.00282e-06, 6.51926e-07, 1, -15.1628, -5.54854, -118.205)

[node name="RightForearmAttachment" parent="Collision/GibbiSkeleton/Armature/GeneralSkeleton" index="23"]
transform = Transform3D(-2.96289e-07, -1, 2.61275e-07, 1, -4.67493e-07, -1.59778e-06, 1.64182e-06, 2.53824e-07, 1, -53.0043, -5.54854, -118.205)

[node name="RightHandAttachment" parent="Collision/GibbiSkeleton/Armature/GeneralSkeleton" index="24"]
transform = Transform3D(1.79062e-06, -1, 2.51414e-06, 1, 1.61941e-06, -3.68469e-06, 3.72873e-06, 2.5067e-06, 1, -91.3331, -5.54856, -118.205)

[node name="Camera3D" type="Camera3D" parent="."]
transform = Transform3D(-2.38357e-08, 0.838243, -0.545297, 3.66408e-08, 0.545297, 0.838243, 1, 1.77636e-14, -4.37114e-08, -1.76358, 3.63098, -0.00583982)

[editable path="Collision/GibbiSkeleton"]
