[gd_scene load_steps=9 format=3 uid="uid://cbt8ur5rbka7c"]

[ext_resource type="Script" path="res://Zoovisitor/zoovisitor.gd" id="1_lkkw0"]
[ext_resource type="Script" path="res://StateMachines/Zoovisitor/Zoovisitor_State_Machine.gd" id="2_y6fkm"]
[ext_resource type="Script" path="res://StateMachines/Zoovisitor/States/Zoovisitor_Idle.gd" id="3_3cjqx"]
[ext_resource type="Script" path="res://StateMachines/Zoovisitor/States/Zoovisitor_Follow_Player.gd" id="4_u2767"]
[ext_resource type="Script" path="res://StateMachines/Zoovisitor/States/Zoovisitor_Attack.gd" id="5_mk8xy"]
[ext_resource type="Script" path="res://StateMachines/Zoovisitor/States/Zoovisitor_Death.gd" id="6_sifie"]
[ext_resource type="PackedScene" uid="uid://doos1hqfu3wdh" path="res://Zookeeper/Zookeeper_Model.tscn" id="7_ju5m7"]

[sub_resource type="CapsuleShape3D" id="CapsuleShape3D_q7moh"]

[node name="Zoovisitor" type="CharacterBody3D" groups=["enemy"]]
axis_lock_angular_x = true
axis_lock_angular_z = true
script = ExtResource("1_lkkw0")

[node name="World_Collision" type="CollisionShape3D" parent="."]
transform = Transform3D(1, 0, 0, 0, 1, 0, 0, 0, 1, 0, 1, 0)
shape = SubResource("CapsuleShape3D_q7moh")

[node name="ZoovisitorStateMachine" type="Node" parent="."]
script = ExtResource("2_y6fkm")
initial_state = NodePath("Follow_Player")

[node name="Idle" type="Node" parent="ZoovisitorStateMachine"]
script = ExtResource("3_3cjqx")

[node name="Follow_Player" type="Node" parent="ZoovisitorStateMachine"]
script = ExtResource("4_u2767")

[node name="Attack" type="Node" parent="ZoovisitorStateMachine"]
script = ExtResource("5_mk8xy")

[node name="Death" type="Node" parent="ZoovisitorStateMachine" node_paths=PackedStringArray("bone")]
script = ExtResource("6_sifie")
bone = NodePath("../../Zookeeper_Model/Armature_001/Skeleton3D/Physical Bone mixamorig_Spine2")

[node name="Navigation_Agent" type="NavigationAgent3D" parent="."]
avoidance_enabled = true

[node name="Zookeeper_Model" parent="." instance=ExtResource("7_ju5m7")]

[node name="Physical Bone mixamorig_Hips" parent="Zookeeper_Model/Armature_001/Skeleton3D" index="1"]
transform = Transform3D(1, 6.47149e-09, 4.69318e-07, 5.27717e-10, 0.999917, -0.0129172, -5.34549e-07, 0.0129171, 0.999917, -4.86085e-05, 1.62002, -109.361)
joint_offset = Transform3D(1, 0, 0, 0, 1, 0, 0, 0, 1, 5.26135e-05, 5.7708e-07, 5.09126)
body_offset = Transform3D(1, 1.46909e-16, -3.16646e-08, 3.35292e-08, 8.84756e-08, -1, 9.4337e-11, 1, 3.72529e-09, -5.24522e-05, 5.09126, -5.96046e-07)

[node name="Physical Bone mixamorig_Spine2" parent="Zookeeper_Model/Armature_001/Skeleton3D" index="2"]
transform = Transform3D(1, -5.06702e-08, -9.81951e-08, 8.8719e-08, 0.992603, 0.121493, -6.01788e-08, -0.121492, 0.992592, 2.83443e-06, -2.18008, -141.937)
joint_offset = Transform3D(1, 0, 0, 0, 1, 0, 0, 0, 1, -7.33761e-07, 2.03186e-05, 8.43271)
body_offset = Transform3D(1, -1.49012e-08, -2.60773e-08, 1.21072e-07, -2.17557e-06, -1, 5.96046e-08, 1.00001, -2.6077e-07, 9.53664e-07, 8.43271, -1.81198e-05)

[node name="Physical Bone mixamorig_Shoulder_R" parent="Zookeeper_Model/Armature_001/Skeleton3D" index="3"]
transform = Transform3D(-0.205695, 0.0494838, 0.977364, 0.978562, 4.02952e-05, 0.205948, 0.0101923, 0.998775, -0.0484228, -9.86638, -4.43247, -144.319)
joint_offset = Transform3D(1, 0, 0, 0, 1, 0, 0, 0, 1, 3.18561e-07, 1.49876e-05, 5.41908)
body_offset = Transform3D(0.999999, 4.05923e-05, -1.49012e-08, -8.9407e-08, -8.46234e-06, -1, 2.03744e-08, 1, 5.00524e-08, -2.38419e-07, 5.41908, -1.52588e-05)

[node name="Physical Bone mixamorig_Arm_R" parent="Zookeeper_Model/Armature_001/Skeleton3D" index="4"]
transform = Transform3D(9.82018e-08, -1, 6.2707e-07, 1, -1.20931e-07, -1.05791e-06, 1.09399e-06, 6.29071e-07, 1, -29.1629, -5.54854, -144.056)
joint_offset = Transform3D(1, 0, 0, 0, 1, 0, 0, 0, 1, 3.33786e-06, -14, -3.05246e-05)
body_offset = Transform3D(1, -1.42109e-14, -3.22711e-09, -4.9738e-14, 1, -1.2207e-09, 1.13687e-13, -5.03046e-10, 1, -3.33786e-06, 14, 3.05176e-05)

[node name="Physical Bone mixamorig_ForeArm_R" parent="Zookeeper_Model/Armature_001/Skeleton3D" index="5"]
transform = Transform3D(1.60443e-08, -1, 6.22123e-07, 1, -2.02607e-07, -1.2229e-06, 1.25794e-06, 6.23716e-07, 1, -43.0043, -5.54853, -144.056)
body_offset = Transform3D(1, 4.81592e-10, 5.68434e-13, 4.70735e-13, 1, 3.2144e-13, -4.26553e-09, -2.13268e-09, 1, 0, 0, 0)

[node name="Physical Bone mixamorig_Hand_R" parent="Zookeeper_Model/Armature_001/Skeleton3D" index="6"]
transform = Transform3D(5.29383e-07, -0.783673, 0.621171, -0.506168, -0.53572, -0.675868, 0.862436, -0.314416, -0.396671, -72.5656, -4.2076, -143.269)
joint_offset = Transform3D(1, 0, 0, 0, 1, 0, 0, 0, 1, -3.11732e-05, 1.90735e-05, 1.98402)
body_offset = Transform3D(-0.506167, -0.53572, -0.675869, -1.5099e-14, 0.783673, -0.621171, 0.862436, -0.314416, -0.39667, 1.34093, 1.2324, 0.787033)

[node name="Physical Bone mixamorig_Shoulder_L" parent="Zookeeper_Model/Armature_001/Skeleton3D" index="7"]
transform = Transform3D(-0.205705, -0.0494627, -0.97736, -0.978559, 0.000192138, 0.205958, -0.0101879, 0.99877, -0.0484049, 9.86662, -4.43245, -144.319)
joint_offset = Transform3D(1, 0, 0, 0, 1, 0, 0, 0, 1, 2.47265e-06, 3.8033e-07, 5.41885)
body_offset = Transform3D(0.999999, -0.000188382, -1.04308e-07, 5.96046e-08, -3.71207e-05, -0.999998, -1.91912e-07, 0.999994, -7.01859e-08, -1.90735e-06, 5.41884, 0)

[node name="Physical Bone mixamorig_Arm_L" parent="Zookeeper_Model/Armature_001/Skeleton3D" index="8"]
transform = Transform3D(2.61835e-06, -1.03563e-06, -0.999999, -0.99784, 3.24848e-07, -2.50429e-06, 2.29994e-07, 0.999999, -8.79169e-07, 29.0836, -5.54847, -143.729)
joint_offset = Transform3D(1, 0, 0, 0, 1, 0, 0, 0, 1, 4.88766e-07, -0.327161, 13.9208)
body_offset = Transform3D(0.99784, -5.96043e-08, -3.64355e-08, 9.69521e-10, -3.57628e-07, -1, -2.14158e-11, 1, -2.38419e-07, 0, 13.9208, 0.327164)

[node name="Physical Bone mixamorig_ForeArm_L" parent="Zookeeper_Model/Armature_001/Skeleton3D" index="9"]
transform = Transform3D(2.47482e-06, -2.01077e-06, -0.999999, -1, 2.63703e-07, -2.28491e-06, -2.77665e-07, 1, -2.12253e-06, 57.1688, -5.54843, -144.056)
joint_offset = Transform3D(1, 0, 0, 0, 1, 0, 0, 0, 1, -2.59292e-05, -7.03841e-05, 14.1645)
body_offset = Transform3D(1, -2.84217e-14, -2.5661e-07, -1.49012e-07, -2.68221e-07, -1, -5.06639e-07, 1, -4.17231e-07, 2.95639e-05, 14.1645, 7.62939e-05)

[node name="Physical Bone mixamorig_Hand_L" parent="Zookeeper_Model/Armature_001/Skeleton3D" index="10"]
transform = Transform3D(3.24617e-07, 0.78361, -0.621253, 0.506704, -0.535592, -0.673826, -0.860098, -0.313711, -0.395319, 72.5662, -4.20751, -143.268)
joint_offset = Transform3D(1, 0, 0, 0, 1, 0, 0, 0, 1, 0.00126541, 0.0029656, 1.98852)
body_offset = Transform3D(-0.506705, 0.535595, 0.673824, -5.6687e-08, 0.783608, -0.621256, -0.860098, -0.313713, -0.395318, -1.34086, 1.23306, 0.788116)

[node name="Physical Bone mixamorig_UpLeg_R" parent="Zookeeper_Model/Armature_001/Skeleton3D" index="11"]
transform = Transform3D(-1, -1.23765e-07, -1.3595e-06, -8.13663e-08, 0.999959, -0.00913975, 1.37894e-06, -0.00913975, -0.999959, -8.20775, 0.157465, -75.3334)
joint_offset = Transform3D(1, 0, 0, 0, 1, 0, 0, 0, 1, 4.9601e-07, 3.06288e-06, 22.1858)
body_offset = Transform3D(1, -3.62377e-13, -2.23571e-08, -3.72488e-09, 9.31323e-10, -1, 2.97995e-08, 1, -3.72529e-09, 0, 22.1858, -2.98023e-06)

[node name="Physical Bone mixamorig_Leg_R" parent="Zookeeper_Model/Armature_001/Skeleton3D" index="12"]
transform = Transform3D(-1, -2.50622e-05, -1.53692e-06, -4.0966e-08, 0.997189, 0.0696876, 1.46314e-06, 0.0694956, -0.997568, -8.20769, -1.19128, -30.9389)
joint_offset = Transform3D(1, 0, 0, 0, 1, 0, 0, 0, 1, -2.65412e-06, 1.81472e-06, 22.2639)
body_offset = Transform3D(1, 2.51159e-05, 1.1921e-07, 4.4721e-08, -0.000165194, -0.999999, 7.15489e-09, 0.999608, 1.49012e-08, 0, 22.2639, -2.14577e-06)

[node name="Physical Bone mixamorig_Foot_R" parent="Zookeeper_Model/Armature_001/Skeleton3D" index="13"]
transform = Transform3D(-1, -1.03679e-06, -9.98542e-07, -2.1517e-07, 0.631742, -0.775179, 1.16805e-06, -0.775178, -0.631741, -8.20765, 2.61247, -4.36481)
joint_offset = Transform3D(1, 0, 0, 0, 1, 0, 0, 0, 1, -3.08831e-06, 2.79596e-06, 6.90844)
body_offset = Transform3D(1, -1.42109e-14, 4.47035e-07, 1.96025e-08, 1.2517e-06, -1, -4.58581e-09, 1, -5.96046e-08, 0, 6.90844, -2.38419e-06)

[node name="Physical Bone mixamorig_UpLeg_L" parent="Zookeeper_Model/Armature_001/Skeleton3D" index="14"]
transform = Transform3D(-1, -2.45161e-07, -1.35691e-06, -2.21561e-07, 0.999857, -0.00911866, 1.3666e-06, -0.00911805, -0.999957, 8.20783, 0.157082, -75.3335)
joint_offset = Transform3D(1, 0, 0, 0, 1, 0, 0, 0, 1, 5.39807e-07, -7.79584e-05, 22.1857)
body_offset = Transform3D(1, 1.04674e-08, -2.43312e-08, -1.6719e-08, 1.69501e-07, -0.999999, 7.04162e-10, 0.999898, 4.74975e-07, 0, 22.1857, 6.74129e-05)

[node name="Physical Bone mixamorig_Leg_L" parent="Zookeeper_Model/Armature_001/Skeleton3D" index="15"]
transform = Transform3D(-0.999999, -1.88671e-05, -1.48474e-06, 4.08942e-07, 0.997051, 0.0696653, 9.71721e-07, 0.0697218, -0.997569, 8.20789, -1.19172, -30.9387)
joint_offset = Transform3D(1, 0, 0, 0, 1, 0, 0, 0, 1, -3.40029e-06, 1.40927e-06, 22.2642)
body_offset = Transform3D(0.999999, 1.90373e-05, 6.7054e-08, -4.76812e-07, 9.27001e-05, -0.999998, 3.05475e-07, 0.999486, 3.65078e-07, 1.90735e-06, 22.2642, -9.53674e-06)

[node name="Physical Bone mixamorig_Foot_L" parent="Zookeeper_Model/Armature_001/Skeleton3D" index="16"]
transform = Transform3D(-1, 3.80682e-06, -5.7961e-07, -1.8643e-07, 0.631739, -0.775161, 8.19383e-07, -0.775166, -0.631739, 8.20793, 2.61208, -4.36476)
joint_offset = Transform3D(1, 0, 0, 0, 1, 0, 0, 0, 1, 5.43297e-07, 0.000221578, 6.90815)
body_offset = Transform3D(1, -4.69758e-06, -7.84951e-08, -2.84985e-07, 6.4373e-06, -0.999985, 1.37834e-07, 0.999988, 9.68575e-06, 0, 6.90805, -0.000288486)

[connection signal="target_reached" from="Navigation_Agent" to="." method="_on_navigation_agent_target_reached"]

[editable path="Zookeeper_Model"]
